,H_ratio,M_ratio,T_ratio
277,0.818181818,0.136363636,0.045454545
373,0.814814815,0.148148148,0.037037037
2646,0.782608696,0.173913043,0.043478261
3523,0.769230769,0.205128205,0.025641026
311,0.75,0.2,0.05
1703,0.730769231,0.230769231,0.038461538
3160,0.72,0.28,0
84,0.709677419,0.225806452,0.064516129
400,0.7,0.3,0
1351,0.7,0.25,0.05
4197,0.695652174,0.217391304,0.086956522
5876,0.695652174,0.304347826,0
5921,0.695652174,0.282608696,0.02173913
2347,0.695652174,0.304347826,0
5936,0.694444444,0.222222222,0.083333333
609,0.692307692,0.307692308,0
2758,0.689655172,0.310344828,0
5392,0.681818182,0.272727273,0.045454545
2657,0.681818182,0.272727273,0.045454545
5962,0.68,0.32,0
1188,0.677419355,0.322580645,0
397,0.676470588,0.264705882,0.058823529
4536,0.676470588,0.264705882,0.058823529
4982,0.675675676,0.324324324,0
3048,0.671428571,0.271428571,0.057142857
5690,0.666666667,0.333333333,0
1849,0.666666667,0.333333333,0
2591,0.658536585,0.292682927,0.048780488
1763,0.653846154,0.307692308,0.038461538
1664,0.65,0.25,0.1
4547,0.65,0.3,0.05
5216,0.65,0.25,0.1
3407,0.65,0.25,0.1
7,0.64516129,0.35483871,0
1672,0.641025641,0.282051282,0.076923077
3863,0.64,0.36,0
5477,0.64,0.32,0.04
2831,0.638888889,0.305555556,0.055555556
4642,0.636363636,0.363636364,0
4159,0.636363636,0.363636364,0
1384,0.636363636,0.318181818,0.045454545
177,0.636363636,0.272727273,0.090909091
803,0.634615385,0.326923077,0.038461538
4986,0.62962963,0.333333333,0.037037037
2598,0.62962963,0.37037037,0
236,0.629032258,0.306451613,0.064516129
3061,0.625,0.34375,0.03125
3933,0.625,0.333333333,0.041666667
1771,0.625,0.333333333,0.041666667
5228,0.625,0.333333333,0.041666667
4143,0.625,0.333333333,0.041666667
5931,0.623376623,0.350649351,0.025974026
4919,0.621621622,0.324324324,0.054054054
1003,0.620689655,0.344827586,0.034482759
3256,0.620689655,0.310344828,0.068965517
5814,0.620689655,0.310344828,0.068965517
2923,0.619047619,0.333333333,0.047619048
4,0.619047619,0.380952381,0
574,0.619047619,0.333333333,0.047619048
4065,0.619047619,0.333333333,0.047619048
892,0.617647059,0.323529412,0.058823529
1558,0.615384615,0.384615385,0
5633,0.615384615,0.358974359,0.025641026
1578,0.612903226,0.290322581,0.096774194
2658,0.612903226,0.35483871,0.032258065
2065,0.612903226,0.290322581,0.096774194
4722,0.612903226,0.290322581,0.096774194
2521,0.611111111,0.388888889,0
2539,0.609756098,0.365853659,0.024390244
1485,0.608695652,0.391304348,0
5665,0.608695652,0.326086957,0.065217391
4228,0.608695652,0.260869565,0.130434783
5385,0.608695652,0.369565217,0.02173913
5951,0.603773585,0.358490566,0.037735849
1406,0.6,0.3,0.1
6008,0.6,0.342857143,0.057142857
2717,0.6,0.36,0.04
761,0.6,0.3,0.1
5309,0.6,0.35,0.05
997,0.6,0.366666667,0.033333333
3136,0.6,0.325,0.075
55,0.6,0.36,0.04
4563,0.6,0.375,0.025
1830,0.6,0.4,0
756,0.6,0.314285714,0.085714286
2957,0.59375,0.375,0.03125
2080,0.59375,0.3125,0.09375
4668,0.59375,0.40625,0
5975,0.592592593,0.388888889,0.018518519
5541,0.592592593,0.296296296,0.111111111
3335,0.592592593,0.407407407,0
686,0.592592593,0.296296296,0.111111111
4176,0.590909091,0.363636364,0.045454545
2902,0.590909091,0.363636364,0.045454545
4944,0.590909091,0.318181818,0.090909091
4702,0.590909091,0.363636364,0.045454545
2108,0.590909091,0.363636364,0.045454545
483,0.586206897,0.379310345,0.034482759
758,0.586206897,0.413793103,0
1991,0.583333333,0.416666667,0
5973,0.583333333,0.222222222,0.194444444
814,0.583333333,0.361111111,0.055555556
1515,0.583333333,0.333333333,0.083333333
5696,0.583333333,0.25,0.166666667
6022,0.583333333,0.395833333,0.020833333
2543,0.583333333,0.416666667,0
5381,0.583333333,0.375,0.041666667
4254,0.583333333,0.333333333,0.083333333
674,0.582278481,0.392405063,0.025316456
3595,0.580645161,0.387096774,0.032258065
2191,0.578947368,0.368421053,0.052631579
4424,0.575757576,0.333333333,0.090909091
3502,0.575757576,0.393939394,0.03030303
4770,0.575757576,0.424242424,0
2083,0.575,0.375,0.05
3631,0.575,0.35,0.075
3166,0.575,0.375,0.05
5199,0.571428571,0.342857143,0.085714286
1549,0.571428571,0.285714286,0.142857143
1787,0.571428571,0.357142857,0.071428571
1402,0.571428571,0.346938776,0.081632653
2915,0.569444444,0.361111111,0.069444444
3268,0.567164179,0.432835821,0
5984,0.566666667,0.433333333,0
4395,0.566666667,0.333333333,0.1
5918,0.565217391,0.391304348,0.043478261
2799,0.565217391,0.434782609,0
1914,0.565217391,0.391304348,0.043478261
4202,0.565217391,0.347826087,0.086956522
2729,0.565217391,0.434782609,0
2963,0.564102564,0.384615385,0.051282051
1289,0.564102564,0.41025641,0.025641026
5666,0.5625,0.375,0.0625
491,0.56,0.4,0.04
431,0.55952381,0.392857143,0.047619048
5377,0.558139535,0.325581395,0.11627907
3190,0.555555556,0.416666667,0.027777778
472,0.555555556,0.4,0.044444444
3573,0.555555556,0.416666667,0.027777778
3508,0.555555556,0.305555556,0.138888889
1245,0.555555556,0.388888889,0.055555556
5474,0.553191489,0.404255319,0.042553191
584,0.552631579,0.342105263,0.105263158
5808,0.552238806,0.417910448,0.029850746
1994,0.551724138,0.413793103,0.034482759
5206,0.551724138,0.379310345,0.068965517
917,0.551724138,0.413793103,0.034482759
246,0.551724138,0.344827586,0.103448276
1493,0.55,0.4,0.05
217,0.55,0.45,0
5168,0.55,0.4,0.05
2940,0.548387097,0.387096774,0.064516129
5088,0.548387097,0.419354839,0.032258065
3694,0.547169811,0.452830189,0
5293,0.546666667,0.413333333,0.04
3064,0.545454545,0.431818182,0.022727273
4864,0.545454545,0.454545455,0
619,0.545454545,0.454545455,0
2626,0.545454545,0.318181818,0.136363636
5873,0.545454545,0.454545455,0
1708,0.545454545,0.454545455,0
2388,0.545454545,0.454545455,0
1157,0.545454545,0.409090909,0.045454545
4741,0.545454545,0.409090909,0.045454545
4731,0.545454545,0.454545455,0
2816,0.545454545,0.409090909,0.045454545
2464,0.542857143,0.4,0.057142857
5235,0.542857143,0.457142857,0
502,0.541666667,0.458333333,0
489,0.541666667,0.25,0.208333333
20,0.541666667,0.416666667,0.041666667
353,0.541666667,0.375,0.083333333
152,0.541666667,0.333333333,0.125
2970,0.541666667,0.416666667,0.041666667
898,0.541666667,0.458333333,0
5581,0.540540541,0.459459459,0
4818,0.54,0.38,0.08
707,0.538461538,0.384615385,0.076923077
2838,0.538461538,0.358974359,0.102564103
2379,0.538461538,0.461538462,0
5155,0.538461538,0.384615385,0.076923077
5586,0.535714286,0.321428571,0.142857143
5983,0.535714286,0.428571429,0.035714286
1304,0.535714286,0.428571429,0.035714286
578,0.535714286,0.464285714,0
286,0.534883721,0.441860465,0.023255814
1349,0.534883721,0.418604651,0.046511628
2981,0.533333333,0.366666667,0.1
1269,0.53125,0.46875,0
4138,0.53125,0.4375,0.03125
1332,0.53125,0.4375,0.03125
3369,0.53125,0.4375,0.03125
5373,0.53125,0.4375,0.03125
1081,0.529411765,0.441176471,0.029411765
2433,0.529411765,0.441176471,0.029411765
5343,0.527777778,0.444444444,0.027777778
722,0.527272727,0.436363636,0.036363636
5774,0.527272727,0.418181818,0.054545455
5237,0.527272727,0.454545455,0.018181818
650,0.526315789,0.473684211,0
4853,0.526315789,0.447368421,0.026315789
598,0.526315789,0.473684211,0
4063,0.525423729,0.355932203,0.118644068
5882,0.525,0.475,0
4936,0.525,0.375,0.1
679,0.524390244,0.426829268,0.048780488
317,0.523809524,0.428571429,0.047619048
3068,0.523809524,0.380952381,0.095238095
742,0.523809524,0.428571429,0.047619048
3666,0.523809524,0.476190476,0
1409,0.523809524,0.392857143,0.083333333
2527,0.523809524,0.380952381,0.095238095
1307,0.523809524,0.333333333,0.142857143
1282,0.523809524,0.476190476,0
383,0.523809524,0.333333333,0.142857143
5810,0.523809524,0.380952381,0.095238095
4554,0.523809524,0.380952381,0.095238095
2644,0.523809524,0.428571429,0.047619048
3388,0.523809524,0.333333333,0.142857143
1126,0.523809524,0.380952381,0.095238095
4423,0.523809524,0.428571429,0.047619048
3225,0.523809524,0.380952381,0.095238095
1488,0.523809524,0.428571429,0.047619048
495,0.522727273,0.409090909,0.068181818
263,0.52173913,0.456521739,0.02173913
3396,0.52173913,0.391304348,0.086956522
2345,0.52173913,0.391304348,0.086956522
4622,0.52173913,0.347826087,0.130434783
4182,0.52173913,0.47826087,0
5628,0.52173913,0.304347826,0.173913043
617,0.52173913,0.434782609,0.043478261
790,0.52173913,0.391304348,0.086956522
4313,0.520833333,0.40625,0.072916667
1518,0.52,0.44,0.04
5836,0.52,0.36,0.12
2112,0.52,0.4,0.08
4546,0.52,0.4,0.08
2260,0.52,0.44,0.04
568,0.52,0.36,0.12
1795,0.52,0.24,0.24
4304,0.52,0.44,0.04
1949,0.519607843,0.362745098,0.117647059
5842,0.519230769,0.461538462,0.019230769
4914,0.519230769,0.403846154,0.076923077
3440,0.518518519,0.444444444,0.037037037
1682,0.518518519,0.37037037,0.111111111
4410,0.518518519,0.37037037,0.111111111
2956,0.518518519,0.481481481,0
2965,0.518518519,0.296296296,0.185185185
3269,0.518072289,0.397590361,0.084337349
288,0.517857143,0.428571429,0.053571429
3247,0.517241379,0.413793103,0.068965517
3535,0.517241379,0.448275862,0.034482759
1550,0.517241379,0.275862069,0.206896552
3730,0.517241379,0.344827586,0.137931034
5731,0.516666667,0.466666667,0.016666667
2960,0.516129032,0.387096774,0.096774194
479,0.516129032,0.440860215,0.043010753
2384,0.516129032,0.419354839,0.064516129
231,0.515463918,0.402061856,0.082474227
4341,0.515151515,0.454545455,0.03030303
5003,0.515151515,0.454545455,0.03030303
2568,0.515151515,0.393939394,0.090909091
1222,0.514705882,0.441176471,0.044117647
2875,0.514285714,0.485714286,0
586,0.514285714,0.485714286,0
1432,0.514285714,0.457142857,0.028571429
2432,0.514285714,0.428571429,0.057142857
5745,0.513888889,0.416666667,0.069444444
5017,0.512820513,0.41025641,0.076923077
5746,0.512195122,0.475609756,0.012195122
5578,0.511904762,0.476190476,0.011904762
4825,0.510204082,0.428571429,0.06122449
4081,0.509803922,0.431372549,0.058823529
916,0.509090909,0.490909091,0
4533,0.50877193,0.421052632,0.070175439
3880,0.50877193,0.473684211,0.01754386
576,0.50877193,0.49122807,0
5094,0.508474576,0.474576271,0.016949153
4701,0.507936508,0.46031746,0.031746032
3482,0.507042254,0.408450704,0.084507042
5284,0.506849315,0.383561644,0.109589041
96,0.50617284,0.469135802,0.024691358
3506,0.5,0.485294118,0.014705882
3330,0.5,0.416666667,0.083333333
522,0.5,0.465517241,0.034482759
3212,0.5,0.269230769,0.230769231
4501,0.5,0.444444444,0.055555556
3404,0.5,0.423076923,0.076923077
547,0.5,0.474358974,0.025641026
557,0.5,0.465517241,0.034482759
3088,0.5,0.36,0.14
3581,0.5,0.470588235,0.029411765
2678,0.5,0.476190476,0.023809524
3040,0.5,0.416666667,0.083333333
3872,0.5,0.4375,0.0625
2836,0.5,0.5,0
4075,0.5,0.425925926,0.074074074
2817,0.5,0.451219512,0.048780488
4231,0.5,0.44,0.06
3021,0.5,0.5,0
3273,0.5,0.4,0.1
196,0.5,0.375,0.125
5579,0.5,0.5,0
2014,0.5,0.37037037,0.12962963
2401,0.5,0.42,0.08
2135,0.5,0.423076923,0.076923077
2377,0.5,0.416666667,0.083333333
865,0.5,0.452380952,0.047619048
1412,0.5,0.458333333,0.041666667
5608,0.5,0.5,0
5572,0.5,0.471428571,0.028571429
5820,0.5,0.416666667,0.083333333
5563,0.5,0.447368421,0.052631579
1504,0.5,0.428571429,0.071428571
5478,0.5,0.441176471,0.058823529
2256,0.5,0.411764706,0.088235294
1541,0.5,0.423076923,0.076923077
1568,0.5,0.321428571,0.178571429
2227,0.5,0.5,0
160,0.5,0.45,0.05
5351,0.5,0.384615385,0.115384615
763,0.5,0.346153846,0.153846154
5243,0.5,0.5,0
47,0.5,0.409090909,0.090909091
5104,0.5,0.425925926,0.074074074
2449,0.5,0.5,0
1000,0.5,0.464285714,0.035714286
1236,0.5,0.5,0
5932,0.5,0.458333333,0.041666667
43,0.5,0.458333333,0.041666667
2437,0.5,0.476190476,0.023809524
1993,0.5,0.4,0.1
2434,0.5,0.458333333,0.041666667
969,0.5,0.423076923,0.076923077
2431,0.5,0.461538462,0.038461538
2262,0.496240602,0.458646617,0.045112782
3161,0.492957746,0.436619718,0.070422535
3645,0.492753623,0.420289855,0.086956522
3510,0.492537313,0.462686567,0.044776119
5821,0.492063492,0.380952381,0.126984127
1649,0.49122807,0.49122807,0.01754386
3073,0.49122807,0.473684211,0.035087719
3556,0.491071429,0.5,0.008928571
2906,0.490909091,0.4,0.109090909
3534,0.490909091,0.454545455,0.054545455
3456,0.490909091,0.4,0.109090909
3,0.490196078,0.450980392,0.058823529
5739,0.490196078,0.392156863,0.117647059
3753,0.489795918,0.367346939,0.142857143
441,0.489361702,0.489361702,0.021276596
422,0.489361702,0.404255319,0.106382979
142,0.489361702,0.489361702,0.021276596
4669,0.488888889,0.488888889,0.022222222
3861,0.487804878,0.43902439,0.073170732
5674,0.487804878,0.414634146,0.097560976
540,0.487179487,0.461538462,0.051282051
994,0.487179487,0.41025641,0.102564103
3845,0.486486486,0.5,0.013513514
842,0.486486486,0.486486486,0.027027027
3117,0.486486486,0.432432432,0.081081081
1762,0.486486486,0.472972973,0.040540541
3461,0.486486486,0.459459459,0.054054054
4494,0.486486486,0.391891892,0.121621622
626,0.486111111,0.472222222,0.041666667
3606,0.485714286,0.457142857,0.057142857
4805,0.485714286,0.457142857,0.057142857
2604,0.485294118,0.485294118,0.029411765
1971,0.484848485,0.333333333,0.181818182
3354,0.484848485,0.484848485,0.03030303
3862,0.484848485,0.424242424,0.090909091
3566,0.483870968,0.451612903,0.064516129
5510,0.483870968,0.516129032,0
1308,0.483146067,0.494382022,0.02247191
3104,0.482758621,0.413793103,0.103448276
2369,0.482758621,0.413793103,0.103448276
2417,0.482758621,0.482758621,0.034482759
3459,0.482758621,0.413793103,0.103448276
4844,0.482758621,0.413793103,0.103448276
2066,0.482758621,0.448275862,0.068965517
848,0.482142857,0.392857143,0.125
4080,0.481927711,0.469879518,0.048192771
3797,0.481481481,0.407407407,0.111111111
3366,0.481481481,0.407407407,0.111111111
3257,0.481481481,0.407407407,0.111111111
589,0.481481481,0.407407407,0.111111111
2226,0.480769231,0.519230769,0
4340,0.48,0.36,0.16
2706,0.48,0.48,0.04
565,0.48,0.36,0.16
455,0.48,0.52,0
4396,0.48,0.44,0.08
1249,0.48,0.36,0.16
4392,0.48,0.4,0.12
3937,0.479452055,0.397260274,0.123287671
2448,0.479452055,0.452054795,0.068493151
3170,0.479452055,0.520547945,0
538,0.479166667,0.458333333,0.0625
3567,0.47826087,0.507246377,0.014492754
1283,0.47826087,0.5,0.02173913
2690,0.47826087,0.47826087,0.043478261
1520,0.47826087,0.47826087,0.043478261
4427,0.47826087,0.434782609,0.086956522
3027,0.47826087,0.52173913,0
2549,0.47826087,0.391304348,0.130434783
5122,0.47826087,0.391304348,0.130434783
3915,0.47826087,0.52173913,0
5194,0.47826087,0.463768116,0.057971014
2924,0.47826087,0.456521739,0.065217391
5732,0.476190476,0.476190476,0.047619048
1431,0.476190476,0.476190476,0.047619048
4871,0.476190476,0.523809524,0
3324,0.476190476,0.476190476,0.047619048
4992,0.476190476,0.523809524,0
1801,0.476190476,0.380952381,0.142857143
3616,0.476190476,0.523809524,0
2893,0.476190476,0.428571429,0.095238095
535,0.476190476,0.333333333,0.19047619
5116,0.476190476,0.428571429,0.095238095
5363,0.475409836,0.409836066,0.114754098
4857,0.475409836,0.524590164,0
2007,0.475,0.4,0.125
1702,0.475,0.3875,0.1375
2327,0.474576271,0.508474576,0.016949153
1826,0.473684211,0.438596491,0.087719298
4604,0.473684211,0.5,0.026315789
5869,0.473684211,0.5,0.026315789
5617,0.472972973,0.472972973,0.054054054
5730,0.472527473,0.483516484,0.043956044
159,0.472222222,0.5,0.027777778
1536,0.472222222,0.5,0.027777778
4495,0.472222222,0.416666667,0.111111111
3047,0.471428571,0.442857143,0.085714286
4172,0.471428571,0.5,0.028571429
170,0.471264368,0.459770115,0.068965517
3936,0.470588235,0.411764706,0.117647059
3102,0.470588235,0.441176471,0.088235294
2501,0.470588235,0.435294118,0.094117647
5127,0.470588235,0.411764706,0.117647059
747,0.46875,0.34375,0.1875
3743,0.46875,0.34375,0.1875
3748,0.46875,0.4375,0.09375
2420,0.468085106,0.404255319,0.127659574
1742,0.468085106,0.404255319,0.127659574
672,0.468085106,0.489361702,0.042553191
3522,0.467741935,0.467741935,0.064516129
5710,0.467532468,0.480519481,0.051948052
5903,0.467532468,0.467532468,0.064935065
6033,0.466666667,0.45,0.083333333
3165,0.466666667,0.5,0.033333333
974,0.466666667,0.383333333,0.15
5149,0.466666667,0.5,0.033333333
5901,0.466666667,0.4,0.133333333
3977,0.466666667,0.466666667,0.066666667
4097,0.466666667,0.533333333,0
5934,0.466666667,0.5,0.033333333
5819,0.466666667,0.433333333,0.1
2689,0.465346535,0.485148515,0.04950495
532,0.465116279,0.441860465,0.093023256
5231,0.464285714,0.392857143,0.142857143
4822,0.464285714,0.535714286,0
3928,0.464285714,0.464285714,0.071428571
4542,0.464285714,0.392857143,0.142857143
3221,0.463414634,0.536585366,0
3094,0.463414634,0.463414634,0.073170732
292,0.463414634,0.463414634,0.073170732
4894,0.463414634,0.341463415,0.195121951
3784,0.463414634,0.487804878,0.048780488
4848,0.462962963,0.444444444,0.092592593
3035,0.4625,0.4875,0.05
6021,0.462121212,0.5,0.037878788
5884,0.461538462,0.5,0.038461538
168,0.461538462,0.461538462,0.076923077
1210,0.461538462,0.512820513,0.025641026
2300,0.461538462,0.461538462,0.076923077
3288,0.461538462,0.346153846,0.192307692
3723,0.461538462,0.512820513,0.025641026
297,0.460674157,0.494382022,0.04494382
5602,0.460526316,0.473684211,0.065789474
404,0.46,0.48,0.06
266,0.46,0.4,0.14
4910,0.46,0.46,0.08
3472,0.46,0.48,0.06
1180,0.459459459,0.378378378,0.162162162
4046,0.459459459,0.459459459,0.081081081
876,0.459459459,0.495495495,0.045045045
4226,0.459459459,0.513513514,0.027027027
562,0.459459459,0.432432432,0.108108108
5424,0.459259259,0.518518519,0.022222222
3177,0.459016393,0.393442623,0.147540984
4010,0.458333333,0.458333333,0.083333333
1602,0.458333333,0.4,0.141666667
5388,0.458333333,0.458333333,0.083333333
4847,0.458333333,0.486111111,0.055555556
4120,0.458333333,0.4375,0.104166667
1234,0.458333333,0.5,0.041666667
615,0.457446809,0.521276596,0.021276596
1623,0.457142857,0.485714286,0.057142857
5489,0.457142857,0.5,0.042857143
4513,0.457142857,0.4,0.142857143
1663,0.456521739,0.5,0.043478261
5997,0.456140351,0.50877193,0.035087719
5484,0.455696203,0.481012658,0.063291139
3479,0.455555556,0.444444444,0.1
1913,0.454545455,0.5,0.045454545
2337,0.454545455,0.527272727,0.018181818
2516,0.454545455,0.5,0.045454545
1144,0.454545455,0.454545455,0.090909091
3059,0.454545455,0.477272727,0.068181818
1385,0.454545455,0.363636364,0.181818182
2639,0.454545455,0.454545455,0.090909091
946,0.454545455,0.303030303,0.242424242
243,0.454545455,0.454545455,0.090909091
213,0.454545455,0.545454545,0
1344,0.453333333,0.48,0.066666667
3449,0.453125,0.484375,0.0625
5442,0.453125,0.515625,0.03125
3828,0.452380952,0.452380952,0.095238095
3316,0.452380952,0.476190476,0.071428571
3090,0.451612903,0.419354839,0.129032258
4275,0.451612903,0.387096774,0.161290323
661,0.450704225,0.436619718,0.112676056
2082,0.450704225,0.422535211,0.126760563
1063,0.45,0.39,0.16
5115,0.45,0.4,0.15
222,0.45,0.475,0.075
2759,0.45,0.45,0.1
5027,0.45,0.55,0
2530,0.45,0.45,0.1
98,0.45,0.45,0.1
2768,0.45,0.475,0.075
5314,0.45,0.5,0.05
2362,0.448979592,0.428571429,0.12244898
4200,0.448979592,0.510204082,0.040816327
5982,0.448818898,0.511811024,0.039370079
5994,0.448717949,0.512820513,0.038461538
2220,0.448275862,0.413793103,0.137931034
5266,0.448275862,0.517241379,0.034482759
2469,0.448275862,0.431034483,0.120689655
440,0.448275862,0.517241379,0.034482759
2107,0.448275862,0.448275862,0.103448276
1278,0.447761194,0.492537313,0.059701493
5700,0.447368421,0.394736842,0.157894737
4595,0.447368421,0.5,0.052631579
2224,0.447368421,0.526315789,0.026315789
309,0.447154472,0.495934959,0.056910569
3447,0.447058824,0.505882353,0.047058824
3116,0.447058824,0.494117647,0.058823529
4588,0.446808511,0.510638298,0.042553191
4862,0.446808511,0.478723404,0.074468085
5487,0.446808511,0.489361702,0.063829787
1987,0.446808511,0.510638298,0.042553191
4709,0.446428571,0.517857143,0.035714286
5701,0.445378151,0.487394958,0.067226891
120,0.444444444,0.507936508,0.047619048
2396,0.444444444,0.444444444,0.111111111
5372,0.444444444,0.555555556,0
5191,0.444444444,0.5,0.055555556
610,0.444444444,0.531746032,0.023809524
70,0.444444444,0.481481481,0.074074074
2845,0.444444444,0.518518519,0.037037037
2636,0.444444444,0.523809524,0.031746032
5162,0.444444444,0.472222222,0.083333333
894,0.442857143,0.485714286,0.071428571
2421,0.442622951,0.540983607,0.016393443
5181,0.442307692,0.480769231,0.076923077
2284,0.442307692,0.442307692,0.115384615
3006,0.442307692,0.538461538,0.019230769
374,0.442307692,0.557692308,0
2856,0.442307692,0.442307692,0.115384615
4859,0.441860465,0.511627907,0.046511628
3302,0.441860465,0.5,0.058139535
4781,0.441860465,0.395348837,0.162790698
2342,0.441558442,0.454545455,0.103896104
3148,0.441176471,0.450980392,0.107843137
4307,0.441176471,0.558823529,0
143,0.441176471,0.529411765,0.029411765
632,0.441176471,0.558823529,0
3443,0.44,0.52,0.04
1036,0.44,0.54,0.02
5110,0.44,0.52,0.04
4019,0.44,0.44,0.12
2538,0.44,0.36,0.2
527,0.44,0.4,0.16
3944,0.44,0.52,0.04
2618,0.44,0.48,0.08
14,0.44,0.48,0.08
607,0.44,0.48,0.08
5471,0.44,0.48,0.08
4707,0.43902439,0.463414634,0.097560976
3284,0.43902439,0.463414634,0.097560976
5560,0.43902439,0.524390244,0.036585366
2000,0.43877551,0.510204082,0.051020408
122,0.438596491,0.561403509,0
4290,0.438596491,0.473684211,0.087719298
985,0.438356164,0.506849315,0.054794521
350,0.4375,0.5,0.0625
2474,0.4375,0.4375,0.125
3373,0.4375,0.5,0.0625
3655,0.4375,0.53125,0.03125
2394,0.436619718,0.535211268,0.028169014
2789,0.436170213,0.521276596,0.042553191
3033,0.436090226,0.541353383,0.022556391
1815,0.435897436,0.487179487,0.076923077
371,0.435897436,0.474358974,0.08974359
5864,0.435897436,0.487179487,0.076923077
3750,0.435897436,0.41025641,0.153846154
1684,0.435483871,0.483870968,0.080645161
3500,0.435483871,0.548387097,0.016129032
3431,0.435483871,0.516129032,0.048387097
244,0.435294118,0.517647059,0.047058824
1918,0.434782609,0.47826087,0.086956522
478,0.434782609,0.52173913,0.043478261
2671,0.434782609,0.47826087,0.086956522
1336,0.434782609,0.52173913,0.043478261
579,0.434782609,0.47826087,0.086956522
5435,0.434782609,0.52173913,0.043478261
4582,0.434782609,0.434782609,0.130434783
1859,0.434782609,0.47826087,0.086956522
395,0.434782609,0.52173913,0.043478261
3636,0.434782609,0.391304348,0.173913043
2722,0.434782609,0.434782609,0.130434783
4926,0.434782609,0.47826087,0.086956522
3236,0.434782609,0.47826087,0.086956522
1397,0.433962264,0.433962264,0.132075472
3966,0.433962264,0.452830189,0.113207547
730,0.433962264,0.41509434,0.150943396
4039,0.433962264,0.547169811,0.018867925
3000,0.433962264,0.528301887,0.037735849
182,0.43373494,0.493975904,0.072289157
1972,0.43373494,0.518072289,0.048192771
3339,0.43373494,0.469879518,0.096385542
5834,0.433333333,0.5,0.066666667
5473,0.433333333,0.55,0.016666667
3164,0.433333333,0.466666667,0.1
3119,0.433333333,0.511111111,0.055555556
4441,0.433333333,0.533333333,0.033333333
2573,0.432989691,0.525773196,0.041237113
2461,0.432692308,0.490384615,0.076923077
4850,0.432432432,0.459459459,0.108108108
1326,0.432432432,0.513513514,0.054054054
4638,0.432432432,0.513513514,0.054054054
4667,0.432432432,0.459459459,0.108108108
5396,0.432098765,0.530864198,0.037037037
804,0.431818182,0.431818182,0.136363636
616,0.431818182,0.522727273,0.045454545
4066,0.431578947,0.547368421,0.021052632
1217,0.431372549,0.529411765,0.039215686
385,0.430656934,0.430656934,0.138686131
1895,0.430232558,0.534883721,0.034883721
2619,0.430107527,0.52688172,0.043010753
4915,0.429906542,0.523364486,0.046728972
226,0.428571429,0.476190476,0.095238095
5022,0.428571429,0.428571429,0.142857143
1665,0.428571429,0.46031746,0.111111111
1534,0.428571429,0.476190476,0.095238095
89,0.428571429,0.523809524,0.047619048
2207,0.428571429,0.523809524,0.047619048
680,0.428571429,0.571428571,0
5496,0.428571429,0.464285714,0.107142857
2277,0.428571429,0.464285714,0.107142857
5130,0.428571429,0.464285714,0.107142857
640,0.428571429,0.428571429,0.142857143
5926,0.428571429,0.53968254,0.031746032
5859,0.428571429,0.514285714,0.057142857
4943,0.428571429,0.285714286,0.285714286
5804,0.428571429,0.523809524,0.047619048
1823,0.428571429,0.464285714,0.107142857
5304,0.428571429,0.457142857,0.114285714
227,0.428571429,0.535714286,0.035714286
833,0.428571429,0.571428571,0
559,0.428571429,0.380952381,0.19047619
5923,0.428571429,0.542857143,0.028571429
907,0.428571429,0.571428571,0
1610,0.428571429,0.5,0.071428571
1129,0.427184466,0.54368932,0.029126214
5562,0.426666667,0.453333333,0.12
5920,0.426573427,0.531468531,0.041958042
3270,0.426229508,0.5,0.073770492
3857,0.425925926,0.481481481,0.092592593
2783,0.425925926,0.537037037,0.037037037
2987,0.425925926,0.481481481,0.092592593
4599,0.425531915,0.340425532,0.234042553
3809,0.425531915,0.510638298,0.063829787
1519,0.425287356,0.494252874,0.08045977
988,0.424657534,0.493150685,0.082191781
1025,0.424242424,0.515151515,0.060606061
3355,0.424242424,0.303030303,0.272727273
1876,0.424242424,0.515151515,0.060606061
5175,0.424242424,0.545454545,0.03030303
4676,0.424242424,0.545454545,0.03030303
5402,0.423913043,0.467391304,0.108695652
4002,0.423728814,0.508474576,0.06779661
5460,0.423529412,0.505882353,0.070588235
3452,0.423529412,0.529411765,0.047058824
1166,0.423076923,0.576923077,0
3870,0.423076923,0.461538462,0.115384615
468,0.423076923,0.423076923,0.153846154
1898,0.423076923,0.461538462,0.115384615
4564,0.423076923,0.461538462,0.115384615
4163,0.423076923,0.346153846,0.230769231
1784,0.423076923,0.480769231,0.096153846
3368,0.422680412,0.505154639,0.072164948
3777,0.422413793,0.534482759,0.043103448
2749,0.422222222,0.511111111,0.066666667
2154,0.422222222,0.555555556,0.022222222
5849,0.422222222,0.466666667,0.111111111
4475,0.422222222,0.466666667,0.111111111
944,0.422222222,0.488888889,0.088888889
3091,0.421875,0.5,0.078125
100,0.421052632,0.552631579,0.026315789
4949,0.421052632,0.473684211,0.105263158
4263,0.421052632,0.526315789,0.052631579
755,0.420634921,0.5,0.079365079
3357,0.420289855,0.463768116,0.115942029
1528,0.420289855,0.507246377,0.072463768
2239,0.420168067,0.504201681,0.075630252
523,0.42,0.53,0.05
1280,0.42,0.52,0.06
3192,0.42,0.553333333,0.026666667
1187,0.419354839,0.516129032,0.064516129
5611,0.419354839,0.483870968,0.096774194
863,0.419354839,0.403225806,0.177419355
5790,0.419354839,0.47311828,0.107526882
2253,0.419354839,0.483870968,0.096774194
4402,0.419354839,0.516129032,0.064516129
377,0.419117647,0.551470588,0.029411765
2522,0.418918919,0.527027027,0.054054054
5648,0.418803419,0.555555556,0.025641026
2435,0.418803419,0.547008547,0.034188034
912,0.418604651,0.558139535,0.023255814
2510,0.418604651,0.488372093,0.093023256
2313,0.418604651,0.558139535,0.023255814
5034,0.418439716,0.503546099,0.078014184
5879,0.418181818,0.545454545,0.036363636
3130,0.417910448,0.447761194,0.134328358
729,0.417808219,0.54109589,0.04109589
514,0.417721519,0.481012658,0.101265823
1555,0.417721519,0.506329114,0.075949367
3674,0.417582418,0.494505495,0.087912088
5935,0.416666667,0.5,0.083333333
5102,0.416666667,0.569444444,0.013888889
6027,0.416666667,0.527777778,0.055555556
5339,0.416666667,0.564814815,0.018518519
3322,0.416666667,0.583333333,0
4164,0.416666667,0.5,0.083333333
4860,0.416666667,0.458333333,0.125
573,0.416666667,0.416666667,0.166666667
3701,0.416666667,0.535714286,0.047619048
5799,0.416666667,0.5,0.083333333
1296,0.416666667,0.5625,0.020833333
2716,0.416666667,0.583333333,0
80,0.416666667,0.5625,0.020833333
4565,0.416666667,0.472222222,0.111111111
3134,0.415841584,0.514851485,0.069306931
1961,0.415730337,0.516853933,0.06741573
1629,0.415384615,0.538461538,0.046153846
811,0.415384615,0.538461538,0.046153846
1403,0.415384615,0.507692308,0.076923077
3092,0.41509434,0.471698113,0.113207547
1857,0.414634146,0.43902439,0.146341463
2240,0.414141414,0.545454545,0.04040404
5813,0.413793103,0.540229885,0.045977011
4376,0.413793103,0.534482759,0.051724138
4403,0.413793103,0.505747126,0.08045977
5898,0.413793103,0.551724138,0.034482759
2511,0.413793103,0.448275862,0.137931034
3397,0.413793103,0.448275862,0.137931034
545,0.413793103,0.482758621,0.103448276
2070,0.413461538,0.538461538,0.048076923
682,0.413333333,0.52,0.066666667
1027,0.413043478,0.5,0.086956522
3350,0.413043478,0.543478261,0.043478261
5425,0.413043478,0.456521739,0.130434783
4817,0.413043478,0.456521739,0.130434783
762,0.413043478,0.543478261,0.043478261
4251,0.412371134,0.556701031,0.030927835
2019,0.411764706,0.5,0.088235294
248,0.411764706,0.529411765,0.058823529
4052,0.411764706,0.5,0.088235294
5660,0.411764706,0.5,0.088235294
215,0.411764706,0.588235294,0
443,0.411764706,0.529411765,0.058823529
6031,0.411764706,0.392156863,0.196078431
962,0.411764706,0.470588235,0.117647059
2460,0.411764706,0.470588235,0.117647059
5906,0.411290323,0.532258065,0.056451613
4739,0.411214953,0.485981308,0.102803738
5128,0.410526316,0.526315789,0.063157895
6024,0.410526316,0.536842105,0.052631579
5179,0.41025641,0.487179487,0.102564103
908,0.41025641,0.512820513,0.076923077
145,0.41025641,0.512820513,0.076923077
2046,0.409638554,0.493975904,0.096385542
4431,0.409090909,0.431818182,0.159090909
417,0.409090909,0.590909091,0
197,0.409090909,0.5,0.090909091
2467,0.409090909,0.409090909,0.181818182
4881,0.409090909,0.545454545,0.045454545
1416,0.409090909,0.545454545,0.045454545
5877,0.409090909,0.5,0.090909091
5465,0.409090909,0.454545455,0.136363636
4935,0.409090909,0.5,0.090909091
4665,0.409090909,0.409090909,0.181818182
1827,0.408163265,0.489795918,0.102040816
359,0.408163265,0.551020408,0.040816327
1047,0.407894737,0.513157895,0.078947368
64,0.407407407,0.555555556,0.037037037
427,0.407407407,0.592592593,0
2193,0.407407407,0.592592593,0
1464,0.407407407,0.537037037,0.055555556
4833,0.407407407,0.518518519,0.074074074
3905,0.407407407,0.543209877,0.049382716
3925,0.407407407,0.527777778,0.064814815
2563,0.407407407,0.296296296,0.296296296
4320,0.407407407,0.543209877,0.049382716
3886,0.406593407,0.571428571,0.021978022
3593,0.40625,0.46875,0.125
885,0.40625,0.484375,0.109375
423,0.40625,0.53125,0.0625
5818,0.40625,0.4375,0.15625
1718,0.40625,0.5625,0.03125
4629,0.40625,0.5,0.09375
144,0.40625,0.5625,0.03125
1940,0.40625,0.546875,0.046875
5629,0.405940594,0.475247525,0.118811881
2360,0.405405405,0.486486486,0.108108108
3466,0.405405405,0.540540541,0.054054054
3120,0.405405405,0.567567568,0.027027027
2487,0.405405405,0.567567568,0.027027027
4777,0.405405405,0.513513514,0.081081081
5057,0.405405405,0.486486486,0.108108108
1430,0.405172414,0.465517241,0.129310345
1498,0.405172414,0.517241379,0.077586207
5189,0.404761905,0.547619048,0.047619048
2430,0.404761905,0.523809524,0.071428571
2297,0.404761905,0.523809524,0.071428571
4020,0.404761905,0.55952381,0.035714286
4368,0.404580153,0.549618321,0.045801527
1149,0.404494382,0.573033708,0.02247191
3617,0.404255319,0.510638298,0.085106383
4012,0.404255319,0.404255319,0.191489362
2762,0.404255319,0.574468085,0.021276596
3553,0.404255319,0.574468085,0.021276596
4586,0.403846154,0.596153846,0
5646,0.403846154,0.538461538,0.057692308
3671,0.403846154,0.596153846,0
241,0.403508772,0.526315789,0.070175439
4035,0.403508772,0.456140351,0.140350877
1082,0.403508772,0.526315789,0.070175439
496,0.403361345,0.487394958,0.109243697
2607,0.403225806,0.483870968,0.112903226
819,0.403225806,0.580645161,0.016129032
4095,0.403225806,0.548387097,0.048387097
2974,0.403225806,0.540322581,0.056451613
5382,0.402985075,0.537313433,0.059701493
4840,0.402777778,0.486111111,0.111111111
4689,0.402777778,0.541666667,0.055555556
5445,0.402684564,0.55704698,0.040268456
5276,0.402597403,0.454545455,0.142857143
5937,0.401960784,0.490196078,0.107843137
28,0.401869159,0.514018692,0.08411215
5342,0.401785714,0.544642857,0.053571429
1320,0.401709402,0.564102564,0.034188034
1871,0.401709402,0.547008547,0.051282051
611,0.401515152,0.53030303,0.068181818
2480,0.4,0.511111111,0.088888889
2160,0.4,0.55,0.05
2027,0.4,0.495238095,0.104761905
5904,0.4,0.6,0
5078,0.4,0.6,0
3883,0.4,0.45,0.15
784,0.4,0.466666667,0.133333333
3022,0.4,0.546666667,0.053333333
3820,0.4,0.555555556,0.044444444
5134,0.4,0.526315789,0.073684211
3785,0.4,0.514285714,0.085714286
428,0.4,0.5,0.1
1093,0.4,0.571428571,0.028571429
5415,0.4,0.472727273,0.127272727
4047,0.4,0.555555556,0.044444444
5274,0.4,0.44,0.16
3496,0.4,0.6,0
3494,0.4,0.485714286,0.114285714
5308,0.4,0.575,0.025
3392,0.4,0.333333333,0.266666667
488,0.4,0.44,0.16
3376,0.4,0.45,0.15
1662,0.4,0.48,0.12
3222,0.4,0.4,0.2
530,0.4,0.533333333,0.066666667
932,0.4,0.45,0.15
3249,0.4,0.492307692,0.107692308
3252,0.4,0.514285714,0.085714286
3347,0.4,0.377777778,0.222222222
2879,0.4,0.6,0
5773,0.4,0.533333333,0.066666667
370,0.4,0.566666667,0.033333333
4776,0.4,0.56,0.04
4419,0.4,0.5,0.1
2578,0.4,0.485714286,0.114285714
4545,0.4,0.566666667,0.033333333
4405,0.4,0.555555556,0.044444444
5533,0.4,0.4,0.2
4398,0.4,0.5,0.1
5743,0.4,0.566666667,0.033333333
4590,0.4,0.48,0.12
2839,0.4,0.6,0
4393,0.4,0.5,0.1
2274,0.4,0.475,0.125
2552,0.4,0.55,0.05
2243,0.4,0.483333333,0.116666667
2732,0.4,0.577777778,0.022222222
2741,0.4,0.542857143,0.057142857
708,0.4,0.5,0.1
4913,0.4,0.444444444,0.155555556
2815,0.4,0.490909091,0.109090909
4109,0.4,0.44,0.16
2821,0.4,0.533333333,0.066666667
2189,0.4,0.485714286,0.114285714
2830,0.4,0.541176471,0.058823529
362,0.4,0.509090909,0.090909091
5694,0.4,0.48,0.12
921,0.398734177,0.563291139,0.037974684
2787,0.398550725,0.557971014,0.043478261
342,0.398373984,0.569105691,0.032520325
5187,0.398305085,0.559322034,0.042372881
4617,0.397260274,0.534246575,0.068493151
3840,0.397058824,0.573529412,0.029411765
2695,0.396825397,0.555555556,0.047619048
1400,0.396551724,0.586206897,0.017241379
526,0.396551724,0.448275862,0.155172414
1789,0.396551724,0.482758621,0.120689655
3145,0.396396396,0.495495495,0.108108108
2374,0.396226415,0.553459119,0.050314465
5264,0.396226415,0.572327044,0.031446541
1,0.396226415,0.547169811,0.056603774
257,0.396226415,0.528301887,0.075471698
1644,0.395833333,0.541666667,0.0625
4966,0.395833333,0.541666667,0.0625
2949,0.395833333,0.479166667,0.125
1486,0.395833333,0.479166667,0.125
3684,0.395683453,0.539568345,0.064748201
4099,0.395348837,0.511627907,0.093023256
1818,0.395348837,0.558139535,0.046511628
30,0.395348837,0.372093023,0.23255814
3954,0.395348837,0.558139535,0.046511628
633,0.395348837,0.418604651,0.186046512
6026,0.395061728,0.555555556,0.049382716
5427,0.395061728,0.530864198,0.074074074
3812,0.394736842,0.587719298,0.01754386
394,0.394736842,0.578947368,0.026315789
5740,0.394736842,0.539473684,0.065789474
2642,0.394366197,0.591549296,0.014084507
2391,0.394366197,0.450704225,0.154929577
3424,0.394366197,0.535211268,0.070422535
4967,0.394230769,0.509615385,0.096153846
606,0.393939394,0.484848485,0.121212121
3554,0.393939394,0.545454545,0.060606061
5436,0.393939394,0.545454545,0.060606061
5154,0.393939394,0.606060606,0
290,0.393939394,0.545454545,0.060606061
2594,0.393617021,0.489361702,0.117021277
3141,0.393442623,0.573770492,0.032786885
1773,0.393442623,0.459016393,0.147540984
529,0.393442623,0.549180328,0.057377049
5668,0.393258427,0.505617978,0.101123596
275,0.393258427,0.561797753,0.04494382
4173,0.392857143,0.482142857,0.125
685,0.392857143,0.571428571,0.035714286
2254,0.392857143,0.547619048,0.05952381
1225,0.392857143,0.571428571,0.035714286
1319,0.392857143,0.5,0.107142857
5030,0.392857143,0.5,0.107142857
3960,0.392857143,0.571428571,0.035714286
480,0.392523364,0.514018692,0.093457944
450,0.392156863,0.588235294,0.019607843
4794,0.392156863,0.539215686,0.068627451
2515,0.392156863,0.568627451,0.039215686
418,0.392156863,0.607843137,0
289,0.391891892,0.527027027,0.081081081
2022,0.391752577,0.572164948,0.036082474
4841,0.391304348,0.554347826,0.054347826
2040,0.391304348,0.47826087,0.130434783
439,0.391304348,0.576086957,0.032608696
5499,0.391304348,0.565217391,0.043478261
592,0.391304348,0.47826087,0.130434783
4492,0.391304348,0.391304348,0.217391304
4703,0.391304348,0.565217391,0.043478261
207,0.391304348,0.391304348,0.217391304
3011,0.391304348,0.543478261,0.065217391
2152,0.391304348,0.565217391,0.043478261
1596,0.391304348,0.434782609,0.173913043
3254,0.391304348,0.52173913,0.086956522
2553,0.391304348,0.608695652,0
3317,0.390909091,0.554545455,0.054545455
792,0.390804598,0.517241379,0.091954023
5823,0.39047619,0.523809524,0.085714286
701,0.390243902,0.548780488,0.06097561
3854,0.390243902,0.573170732,0.036585366
3016,0.390243902,0.56097561,0.048780488
1048,0.390243902,0.536585366,0.073170732
5688,0.39,0.58,0.03
3157,0.389937107,0.559748428,0.050314465
1148,0.389830508,0.576271186,0.033898305
5072,0.389830508,0.559322034,0.050847458
2281,0.38961039,0.597402597,0.012987013
2404,0.389473684,0.6,0.010526316
4101,0.389473684,0.473684211,0.136842105
888,0.388888889,0.527777778,0.083333333
1575,0.388888889,0.574074074,0.037037037
1725,0.388888889,0.472222222,0.138888889
2905,0.388888889,0.579365079,0.031746032
1049,0.388888889,0.555555556,0.055555556
5748,0.388888889,0.537037037,0.074074074
4876,0.388888889,0.583333333,0.027777778
3115,0.388888889,0.555555556,0.055555556
3580,0.388888889,0.513888889,0.097222222
1852,0.388888889,0.5,0.111111111
25,0.388235294,0.505882353,0.105882353
1822,0.388059701,0.537313433,0.074626866
1738,0.388059701,0.537313433,0.074626866
469,0.387755102,0.530612245,0.081632653
4444,0.3875,0.5375,0.075
3653,0.387387387,0.54954955,0.063063063
5846,0.387096774,0.532258065,0.080645161
5214,0.387096774,0.516129032,0.096774194
2927,0.387096774,0.612903226,0
3146,0.387096774,0.548387097,0.064516129
5695,0.387096774,0.580645161,0.032258065
5495,0.387096774,0.580645161,0.032258065
2387,0.387096774,0.5,0.112903226
39,0.387096774,0.516129032,0.096774194
5624,0.386554622,0.521008403,0.092436975
5143,0.386554622,0.546218487,0.067226891
5169,0.386554622,0.579831933,0.033613445
3153,0.386363636,0.431818182,0.181818182
2979,0.386363636,0.5,0.113636364
4132,0.386363636,0.568181818,0.045454545
3058,0.386206897,0.565517241,0.048275862
5791,0.386138614,0.524752475,0.089108911
5485,0.385964912,0.605263158,0.00877193
2341,0.385964912,0.561403509,0.052631579
4170,0.385542169,0.554216867,0.060240964
2898,0.385321101,0.495412844,0.119266055
4316,0.384615385,0.615384615,0
2524,0.384615385,0.615384615,0
3448,0.384615385,0.576923077,0.038461538
2354,0.384615385,0.569230769,0.046153846
66,0.384615385,0.423076923,0.192307692
5534,0.384615385,0.492307692,0.123076923
771,0.384615385,0.538461538,0.076923077
2523,0.384615385,0.584615385,0.030769231
313,0.384615385,0.5,0.115384615
4988,0.384615385,0.423076923,0.192307692
5815,0.384615385,0.474358974,0.141025641
1014,0.384615385,0.564102564,0.051282051
4686,0.384615385,0.571428571,0.043956044
2951,0.384615385,0.538461538,0.076923077
4646,0.384615385,0.435897436,0.179487179
3706,0.384615385,0.525641026,0.08974359
1932,0.384615385,0.5,0.115384615
1906,0.384615385,0.461538462,0.153846154
4232,0.384615385,0.576923077,0.038461538
1350,0.383928571,0.553571429,0.0625
884,0.383838384,0.484848485,0.131313131
5844,0.38372093,0.546511628,0.069767442
5829,0.383561644,0.534246575,0.082191781
1090,0.383561644,0.561643836,0.054794521
5632,0.383333333,0.583333333,0.033333333
2770,0.382978723,0.574468085,0.042553191
3702,0.382978723,0.510638298,0.106382979
5451,0.382978723,0.5,0.117021277
3740,0.382978723,0.489361702,0.127659574
5071,0.382716049,0.518518519,0.098765432
2146,0.382352941,0.568627451,0.049019608
88,0.382352941,0.573529412,0.044117647
4462,0.382352941,0.5,0.117647059
1944,0.382352941,0.514705882,0.102941176
852,0.382352941,0.588235294,0.029411765
3008,0.382352941,0.588235294,0.029411765
2492,0.382022472,0.539325843,0.078651685
212,0.381818182,0.527272727,0.090909091
3867,0.380952381,0.571428571,0.047619048
318,0.380952381,0.571428571,0.047619048
3176,0.380952381,0.523809524,0.095238095
3188,0.380952381,0.333333333,0.285714286
3489,0.380952381,0.571428571,0.047619048
5715,0.380952381,0.476190476,0.142857143
5009,0.380952381,0.555555556,0.063492063
1751,0.380952381,0.571428571,0.047619048
5863,0.380952381,0.380952381,0.238095238
844,0.380952381,0.464285714,0.154761905
5456,0.380952381,0.571428571,0.047619048
1459,0.380952381,0.523809524,0.095238095
1070,0.380952381,0.571428571,0.047619048
1523,0.380434783,0.597826087,0.02173913
3890,0.38028169,0.521126761,0.098591549
239,0.38028169,0.549295775,0.070422535
3758,0.38,0.52,0.1
4455,0.38,0.48,0.14
3003,0.379746835,0.569620253,0.050632911
956,0.37962963,0.509259259,0.111111111
3172,0.37962963,0.509259259,0.111111111
5497,0.379310345,0.55862069,0.062068966
815,0.379310345,0.551724138,0.068965517
282,0.379310345,0.551724138,0.068965517
