,H_ratio,M_raio,T_ratio
4303,0.163101604,0.64171123,0.195187166
4535,0.163043478,0.619565217,0.217391304
2852,0.162962963,0.562962963,0.274074074
2174,0.162921348,0.646067416,0.191011236
5837,0.162921348,0.632958801,0.20411985
363,0.162790698,0.627906977,0.209302326
458,0.162790698,0.604651163,0.23255814
5573,0.162790698,0.593023256,0.244186047
1288,0.162790698,0.589147287,0.248062016
50,0.162790698,0.488372093,0.348837209
5077,0.162735849,0.525943396,0.311320755
1717,0.162735849,0.577830189,0.259433962
590,0.162650602,0.469879518,0.36746988
1746,0.162576687,0.601226994,0.236196319
4931,0.1625,0.5125,0.325
2863,0.162393162,0.512820513,0.324786325
927,0.162303665,0.602094241,0.235602094
1045,0.162162162,0.648648649,0.189189189
4541,0.162162162,0.547297297,0.290540541
2622,0.162162162,0.594594595,0.243243243
149,0.162162162,0.638513514,0.199324324
5703,0.162162162,0.675675676,0.162162162
4675,0.162162162,0.642642643,0.195195195
447,0.162162162,0.648648649,0.189189189
4815,0.162162162,0.657657658,0.18018018
1253,0.162162162,0.662162162,0.175675676
3093,0.162011173,0.592178771,0.245810056
1753,0.161971831,0.556338028,0.281690141
1803,0.161971831,0.661971831,0.176056338
5947,0.161971831,0.478873239,0.35915493
5558,0.16194332,0.473684211,0.36437247
2064,0.16194332,0.603238866,0.234817814
192,0.161904762,0.68952381,0.148571429
3422,0.161879896,0.613577023,0.224543081
3670,0.161764706,0.647058824,0.191176471
4007,0.161764706,0.659926471,0.178308824
2733,0.161616162,0.595959596,0.242424242
343,0.161616162,0.63973064,0.198653199
3603,0.161585366,0.594512195,0.243902439
235,0.161363636,0.547727273,0.290909091
5946,0.161290323,0.634408602,0.204301075
4714,0.161290323,0.629032258,0.209677419
6029,0.161290323,0.580645161,0.258064516
2822,0.161290323,0.483870968,0.35483871
4446,0.161137441,0.637440758,0.201421801
2021,0.161073826,0.630872483,0.208053691
3210,0.161073826,0.516778523,0.322147651
5468,0.161038961,0.597402597,0.241558442
548,0.161016949,0.550847458,0.288135593
677,0.16097561,0.556097561,0.282926829
2484,0.160877514,0.648994516,0.190127971
4364,0.16080402,0.587939698,0.251256281
4578,0.160714286,0.676785714,0.1625
3903,0.160714286,0.607142857,0.232142857
3402,0.160606061,0.56969697,0.26969697
5555,0.160583942,0.647810219,0.191605839
4633,0.160493827,0.481481481,0.358024691
4318,0.160416667,0.65,0.189583333
5686,0.160377358,0.664150943,0.175471698
928,0.160377358,0.669811321,0.169811321
4242,0.160305344,0.709923664,0.129770992
5964,0.160291439,0.64298725,0.196721311
3927,0.16025641,0.628205128,0.211538462
1889,0.16025641,0.628205128,0.211538462
3521,0.160206718,0.633074935,0.206718346
732,0.16,0.64,0.2
5642,0.16,0.58,0.26
5043,0.16,0.68,0.16
902,0.16,0.56,0.28
4960,0.16,0.546666667,0.293333333
3959,0.16,0.52,0.32
911,0.16,0.68,0.16
2053,0.16,0.28,0.56
2700,0.159863946,0.636054422,0.204081633
3579,0.159851301,0.598513011,0.241635688
2445,0.159836066,0.62704918,0.213114754
412,0.159663866,0.642857143,0.197478992
5522,0.159615385,0.6,0.240384615
2318,0.15942029,0.492753623,0.347826087
777,0.15936255,0.645418327,0.195219124
724,0.159235669,0.694267516,0.146496815
2062,0.159090909,0.704545455,0.136363636
1780,0.159090909,0.689935065,0.150974026
1371,0.159090909,0.522727273,0.318181818
3290,0.159090909,0.630681818,0.210227273
838,0.159090909,0.505681818,0.335227273
2315,0.159090909,0.522727273,0.318181818
546,0.159090909,0.527272727,0.313636364
533,0.159052453,0.695431472,0.145516074
3129,0.159045726,0.630218688,0.210735586
3007,0.158995816,0.60251046,0.238493724
48,0.158862876,0.678929766,0.162207358
5493,0.158813264,0.561954625,0.279232112
5139,0.158730159,0.738095238,0.103174603
4637,0.158730159,0.603174603,0.238095238
4302,0.158536585,0.711382114,0.130081301
3940,0.158536585,0.579268293,0.262195122
1209,0.158371041,0.71040724,0.131221719
817,0.158291457,0.645728643,0.195979899
5824,0.158181818,0.683636364,0.158181818
1685,0.158139535,0.609302326,0.23255814
4247,0.157894737,0.684210526,0.157894737
1639,0.157894737,0.638838475,0.203266788
2418,0.157894737,0.684210526,0.157894737
3118,0.157894737,0.677192982,0.164912281
5771,0.157894737,0.654135338,0.187969925
1037,0.157894737,0.552631579,0.289473684
639,0.1575,0.6125,0.23
5604,0.157480315,0.622047244,0.220472441
1265,0.157434402,0.583090379,0.259475219
1747,0.157407407,0.527777778,0.314814815
474,0.157232704,0.575471698,0.267295597
3816,0.157232704,0.657232704,0.185534591
3072,0.157142857,0.59047619,0.252380952
857,0.157142857,0.757142857,0.085714286
4281,0.156862745,0.62254902,0.220588235
5977,0.156862745,0.666666667,0.176470588
3592,0.156862745,0.658263305,0.18487395
3887,0.156739812,0.601880878,0.24137931
4115,0.156673114,0.688588008,0.154738878
214,0.156626506,0.590361446,0.253012048
797,0.156626506,0.590361446,0.253012048
2076,0.156626506,0.518072289,0.325301205
178,0.156521739,0.67826087,0.165217391
4784,0.156479218,0.606356968,0.237163814
1776,0.156398104,0.623222749,0.220379147
1599,0.156363636,0.634545455,0.209090909
896,0.15625,0.578125,0.265625
5329,0.15625,0.604779412,0.238970588
379,0.15625,0.734375,0.109375
1478,0.15625,0.625,0.21875
3724,0.156089194,0.670668954,0.173241852
5626,0.156069364,0.549132948,0.294797688
2004,0.155963303,0.642201835,0.201834862
4737,0.155963303,0.587155963,0.256880734
5519,0.155882353,0.635294118,0.208823529
1172,0.155756208,0.58013544,0.264108352
5287,0.155660377,0.669811321,0.174528302
229,0.155660377,0.599056604,0.245283019
3280,0.155624037,0.674884438,0.169491525
3499,0.155606407,0.624713959,0.219679634
689,0.155555556,0.555555556,0.288888889
1572,0.155555556,0.688888889,0.155555556
5564,0.155555556,0.644444444,0.2
3255,0.155555556,0.666666667,0.177777778
4726,0.155477032,0.565371025,0.279151943
2506,0.155378486,0.557768924,0.28685259
4062,0.155279503,0.649068323,0.195652174
3360,0.155172414,0.637931034,0.206896552
1699,0.155172414,0.577586207,0.267241379
5850,0.155172414,0.413793103,0.431034483
5137,0.155172414,0.568965517,0.275862069
4843,0.155172414,0.629310345,0.215517241
1902,0.15503876,0.662790698,0.182170543
2942,0.15503876,0.612403101,0.23255814
2503,0.155,0.7,0.145
5580,0.15496368,0.610169492,0.234866828
4079,0.154734411,0.598152425,0.247113164
5428,0.154639175,0.585051546,0.260309278
2913,0.154545455,0.551515152,0.293939394
5582,0.154411765,0.522058824,0.323529412
2883,0.154362416,0.644295302,0.201342282
4867,0.154340836,0.663987138,0.181672026
2776,0.154285714,0.674285714,0.171428571
199,0.154228856,0.599502488,0.246268657
621,0.154166667,0.5125,0.333333333
518,0.154150198,0.577075099,0.268774704
3018,0.154098361,0.636065574,0.209836066
3082,0.154054054,0.62972973,0.216216216
841,0.153846154,0.692307692,0.153846154
5249,0.153846154,0.659763314,0.186390533
4136,0.153846154,0.435897436,0.41025641
3957,0.153846154,0.703703704,0.142450142
2719,0.153846154,0.581196581,0.264957265
2216,0.153846154,0.576923077,0.269230769
3577,0.153846154,0.615384615,0.230769231
3598,0.153846154,0.4,0.446153846
4153,0.153846154,0.538461538,0.307692308
5783,0.153846154,0.717948718,0.128205128
3548,0.153846154,0.5,0.346153846
637,0.153846154,0.665782493,0.180371353
1583,0.153846154,0.634615385,0.211538462
3325,0.153846154,0.692307692,0.153846154
4556,0.153846154,0.547511312,0.298642534
1666,0.153652393,0.654911839,0.191435768
2258,0.153631285,0.600558659,0.245810056
4653,0.153465347,0.591584158,0.254950495
2168,0.153424658,0.610958904,0.235616438
1757,0.153246753,0.698701299,0.148051948
5840,0.153191489,0.689361702,0.157446809
4156,0.153061224,0.617346939,0.229591837
1041,0.152941176,0.529411765,0.317647059
1705,0.152941176,0.552941176,0.294117647
3020,0.152941176,0.647058824,0.2
931,0.152866242,0.598726115,0.248407643
1281,0.152777778,0.555555556,0.291666667
1608,0.152777778,0.604166667,0.243055556
3475,0.152733119,0.694533762,0.152733119
4663,0.152671756,0.600508906,0.246819338
4134,0.152542373,0.652542373,0.194915254
5747,0.15248227,0.60106383,0.246453901
780,0.15234375,0.673828125,0.173828125
5996,0.152284264,0.673434856,0.17428088
4175,0.152173913,0.608695652,0.239130435
3879,0.152173913,0.652173913,0.195652174
4472,0.152129817,0.685598377,0.162271805
667,0.152046784,0.502923977,0.34502924
3547,0.151933702,0.571823204,0.276243094
493,0.151898734,0.582278481,0.265822785
4490,0.151832461,0.693717277,0.154450262
4261,0.151624549,0.703971119,0.144404332
6017,0.151515152,0.454545455,0.393939394
4649,0.151515152,0.575757576,0.272727273
2869,0.151515152,0.636363636,0.212121212
3955,0.151315789,0.638157895,0.210526316
2383,0.151315789,0.671052632,0.177631579
4112,0.151234568,0.645061728,0.203703704
218,0.151162791,0.674418605,0.174418605
5328,0.150943396,0.547169811,0.301886792
2996,0.150943396,0.631027254,0.21802935
5652,0.150943396,0.537735849,0.311320755
4411,0.150819672,0.608196721,0.240983607
136,0.150793651,0.658730159,0.19047619
2858,0.150684932,0.643835616,0.205479452
517,0.15060241,0.56626506,0.28313253
3716,0.150510204,0.591836735,0.257653061
117,0.15049505,0.572277228,0.277227723
4352,0.150423729,0.61440678,0.235169492
4845,0.150326797,0.503267974,0.346405229
2457,0.150300601,0.629258517,0.220440882
2978,0.150289017,0.647398844,0.202312139
601,0.150134048,0.624664879,0.225201072
5430,0.15,0.542857143,0.307142857
2819,0.15,0.65,0.2
2111,0.15,0.5,0.35
2381,0.15,0.6,0.25
3908,0.15,0.49375,0.35625
2133,0.15,0.6,0.25
5725,0.15,0.65,0.2
6035,0.15,0.592857143,0.257142857
5881,0.15,0.582142857,0.267857143
4991,0.15,0.55,0.3
1295,0.15,0.5,0.35
2217,0.15,0.475,0.375
1810,0.15,0.575,0.275
5012,0.15,0.75,0.1
5514,0.15,0.65,0.2
1452,0.15,0.5,0.35
4948,0.149901381,0.619329389,0.230769231
1297,0.149897331,0.587268994,0.262833676
2537,0.149819495,0.637184116,0.21299639
3720,0.149758454,0.628019324,0.222222222
1600,0.149746193,0.64213198,0.208121827
225,0.149606299,0.507874016,0.342519685
4289,0.149350649,0.662337662,0.188311688
5759,0.149305556,0.640625,0.210069444
5195,0.149253731,0.611940299,0.23880597
1053,0.149253731,0.605970149,0.244776119
1303,0.149187592,0.664697194,0.186115214
3868,0.149090909,0.567272727,0.283636364
3180,0.148979592,0.571428571,0.279591837
4371,0.14893617,0.631205674,0.219858156
279,0.14893617,0.659574468,0.191489362
3312,0.14887218,0.643609023,0.207518797
2073,0.148837209,0.610852713,0.240310078
3546,0.148780488,0.546341463,0.304878049
4335,0.148760331,0.654958678,0.196280992
3569,0.148741419,0.640732265,0.210526316
3025,0.148648649,0.614864865,0.236486486
5312,0.148611111,0.655555556,0.195833333
3189,0.148571429,0.63047619,0.220952381
1683,0.148571429,0.537142857,0.314285714
2994,0.148541114,0.644562334,0.206896552
4373,0.148514851,0.627062706,0.224422442
5550,0.14849921,0.68878357,0.16271722
5675,0.148464164,0.614334471,0.237201365
4802,0.1484375,0.6203125,0.23125
4124,0.148387097,0.612903226,0.238709677
4268,0.148387097,0.590322581,0.261290323
3681,0.148203593,0.661676647,0.19011976
2188,0.148148148,0.538271605,0.313580247
4790,0.148148148,0.552910053,0.298941799
1838,0.148148148,0.777777778,0.074074074
1080,0.148148148,0.537037037,0.314814815
504,0.148148148,0.546296296,0.305555556
4119,0.148148148,0.518518519,0.333333333
4260,0.148148148,0.595679012,0.25617284
4730,0.148148148,0.37037037,0.481481481
3052,0.148148148,0.679012346,0.172839506
2752,0.148148148,0.648148148,0.203703704
999,0.148058252,0.621359223,0.230582524
2540,0.147982063,0.618834081,0.233183857
2681,0.147982063,0.596412556,0.255605381
2235,0.147887324,0.528169014,0.323943662
4243,0.147887324,0.584507042,0.267605634
146,0.147887324,0.657276995,0.194835681
438,0.147840532,0.609634551,0.242524917
2038,0.147727273,0.652272727,0.2
1614,0.147540984,0.573770492,0.278688525
5432,0.147540984,0.633879781,0.218579235
3196,0.147540984,0.567213115,0.285245902
692,0.147385103,0.690966719,0.161648177
2205,0.147347741,0.614931238,0.237721022
1244,0.14732965,0.651933702,0.200736648
3586,0.147239264,0.607361963,0.245398773
4407,0.147186147,0.597402597,0.255411255
2102,0.147169811,0.683018868,0.169811321
1441,0.147058824,0.68627451,0.166666667
2159,0.147058824,0.411764706,0.441176471
1731,0.147058824,0.411764706,0.441176471
3080,0.147005445,0.649727768,0.203266788
2887,0.146959459,0.689189189,0.163851351
4186,0.146875,0.6125,0.240625
2910,0.146853147,0.433566434,0.41958042
4024,0.146825397,0.603174603,0.25
1755,0.14673913,0.600543478,0.252717391
5011,0.146690519,0.651162791,0.202146691
5365,0.146666667,0.633333333,0.22
3901,0.146666667,0.72,0.133333333
4593,0.146666667,0.58,0.273333333
5082,0.146551724,0.560344828,0.293103448
4613,0.146341463,0.585365854,0.268292683
3458,0.146341463,0.591463415,0.262195122
1487,0.146341463,0.609756098,0.243902439
904,0.146341463,0.617886179,0.235772358
2588,0.146341463,0.756097561,0.097560976
2702,0.146341463,0.634146341,0.219512195
6002,0.146268657,0.632835821,0.220895522
5184,0.146179402,0.581395349,0.272425249
3997,0.146031746,0.577777778,0.276190476
1141,0.145922747,0.572961373,0.28111588
5036,0.145833333,0.583333333,0.270833333
5928,0.145833333,0.395833333,0.458333333
2520,0.145833333,0.604166667,0.25
1112,0.145802651,0.653902798,0.200294551
2288,0.145794393,0.672897196,0.181308411
5163,0.145708583,0.638722555,0.215568862
1016,0.145695364,0.695364238,0.158940397
4249,0.145631068,0.660194175,0.194174757
2378,0.14559387,0.540229885,0.314176245
1274,0.145516074,0.529610829,0.324873096
4553,0.145454545,0.4,0.454545455
587,0.145454545,0.618181818,0.236363636
4089,0.145299145,0.670940171,0.183760684
4345,0.14527027,0.616554054,0.238175676
3942,0.145214521,0.645214521,0.209570957
2528,0.14516129,0.709677419,0.14516129
4584,0.14516129,0.596774194,0.258064516
3648,0.145135566,0.598086124,0.256778309
5447,0.145038168,0.687022901,0.167938931
1264,0.144866385,0.717299578,0.137834037
1851,0.14484127,0.581349206,0.273809524
1983,0.144688645,0.664835165,0.19047619
5289,0.144680851,0.555319149,0.3
3416,0.144680851,0.587234043,0.268085106
2526,0.144486692,0.63878327,0.216730038
4467,0.144444444,0.605555556,0.25
5306,0.144444444,0.66031746,0.195238095
3884,0.144393241,0.596006144,0.259600614
935,0.144329897,0.636597938,0.219072165
4813,0.144230769,0.663461538,0.192307692
4049,0.144,0.594666667,0.261333333
5317,0.143646409,0.58747698,0.268876611
5107,0.143564356,0.633663366,0.222772277
1004,0.143451143,0.673596674,0.182952183
2643,0.143171806,0.654185022,0.202643172
1318,0.142857143,0.380952381,0.476190476
2234,0.142857143,0.80952381,0.047619048
647,0.142857143,0.558441558,0.298701299
1258,0.142857143,0.357142857,0.5
1305,0.142857143,0.238095238,0.619047619
995,0.142857143,0.714285714,0.142857143
2373,0.142857143,0.523809524,0.333333333
4972,0.142857143,0.495440729,0.361702128
874,0.142857143,0.642857143,0.214285714
114,0.142857143,0.632653061,0.224489796
94,0.142857143,0.571428571,0.285714286
5780,0.142857143,0.621621622,0.235521236
967,0.142857143,0.637362637,0.21978022
4025,0.142857143,0.535714286,0.321428571
821,0.142857143,0.380952381,0.476190476
2361,0.142857143,0.530612245,0.326530612
16,0.142857143,0.571428571,0.285714286
1706,0.142857143,0.547619048,0.30952381
886,0.142857143,0.457142857,0.4
3683,0.142614601,0.60950764,0.247877759
1748,0.142614601,0.570458404,0.286926995
4422,0.142538976,0.53674833,0.320712695
3483,0.142208775,0.636913767,0.220877458
5005,0.142191142,0.645687646,0.212121212
3365,0.142028986,0.695652174,0.162318841
1119,0.141772152,0.665822785,0.192405063
1054,0.141732283,0.590551181,0.267716535
5986,0.141666667,0.658333333,0.2
4375,0.141538462,0.587692308,0.270769231
593,0.141509434,0.566037736,0.29245283
1120,0.141496599,0.629931973,0.228571429
123,0.141447368,0.587171053,0.271381579
2581,0.141439206,0.665012407,0.193548387
4150,0.141439206,0.699751861,0.158808933
3967,0.141255605,0.688340807,0.170403587
4916,0.141176471,0.6,0.258823529
4754,0.141129032,0.576612903,0.282258065
2785,0.141104294,0.687116564,0.171779141
333,0.140969163,0.612334802,0.246696035
1152,0.140939597,0.577181208,0.281879195
3410,0.140902873,0.642954856,0.216142271
3895,0.14084507,0.647887324,0.211267606
3768,0.14084507,0.702816901,0.156338028
4250,0.140672783,0.599388379,0.259938838
1117,0.140583554,0.684350133,0.175066313
3182,0.14057508,0.630990415,0.228434505
3562,0.140556369,0.590043924,0.269399707
4033,0.140483384,0.673716012,0.185800604
2967,0.140417457,0.567362429,0.292220114
4728,0.140401146,0.660458453,0.199140401
3285,0.140350877,0.657097289,0.202551834
2926,0.140350877,0.631578947,0.228070175
4390,0.14028777,0.64028777,0.21942446
2592,0.140271493,0.671945701,0.187782805
4609,0.140151515,0.606060606,0.253787879
1224,0.140138408,0.565743945,0.294117647
5227,0.140127389,0.579617834,0.280254777
4828,0.14,0.62,0.24
4168,0.14,0.52,0.34
4420,0.14,0.58,0.28
4493,0.14,0.32,0.54
4198,0.14,0.62,0.24
3217,0.14,0.62,0.24
4287,0.139931741,0.692832765,0.167235495
4852,0.139917695,0.604938272,0.255144033
5054,0.13986014,0.562237762,0.297902098
2693,0.139705882,0.625,0.235294118
2376,0.139676113,0.663967611,0.196356275
5539,0.139583333,0.5875,0.272916667
5288,0.139534884,0.488372093,0.372093023
4473,0.139479905,0.6643026,0.196217494
1033,0.139175258,0.639175258,0.221649485
5761,0.139013453,0.542600897,0.31838565
5927,0.138888889,0.527777778,0.333333333
1178,0.138888889,0.666666667,0.194444444
1422,0.138736264,0.642857143,0.218406593
4580,0.138686131,0.583941606,0.277372263
2144,0.138613861,0.465346535,0.396039604
1884,0.138613861,0.608203678,0.253182461
1579,0.138562092,0.687581699,0.173856209
5599,0.138528139,0.571428571,0.29004329
594,0.13836478,0.729559748,0.132075472
4086,0.13836478,0.588050314,0.273584906
854,0.138339921,0.644268775,0.217391304
5182,0.138157895,0.595394737,0.266447368
5682,0.138157895,0.590460526,0.271381579
1322,0.138020833,0.638020833,0.223958333
2164,0.138004246,0.626326964,0.23566879
1535,0.137931034,0.655172414,0.206896552
4196,0.137931034,0.413793103,0.448275862
2628,0.137931034,0.566502463,0.295566502
2442,0.137931034,0.620689655,0.24137931
221,0.137931034,0.517241379,0.344827586
4282,0.137931034,0.448275862,0.413793103
1294,0.137931034,0.590038314,0.272030651
1923,0.137931034,0.448275862,0.413793103
4028,0.137802607,0.612662942,0.249534451
702,0.137787056,0.680584551,0.181628392
3320,0.137745975,0.60822898,0.254025045
5142,0.137614679,0.623853211,0.23853211
5108,0.137466307,0.652291105,0.210242588
2030,0.137457045,0.572164948,0.290378007
3518,0.137450199,0.587649402,0.274900398
877,0.137440758,0.679304897,0.183254344
5113,0.137362637,0.646520147,0.216117216
2245,0.137254902,0.529411765,0.333333333
1092,0.137254902,0.764705882,0.098039216
5532,0.137254902,0.529411765,0.333333333
4740,0.137254902,0.62745098,0.235294118
3836,0.137254902,0.637254902,0.225490196
1022,0.136986301,0.602739726,0.260273973
839,0.136950904,0.661498708,0.201550388
2180,0.136919315,0.643031785,0.2200489
984,0.136887608,0.685878963,0.177233429
1630,0.136752137,0.538461538,0.324786325
1988,0.13672496,0.647058824,0.216216216
4257,0.136690647,0.64028777,0.223021583
5015,0.136645963,0.667701863,0.195652174
2072,0.136585366,0.565853659,0.297560976
3336,0.136431784,0.647676162,0.215892054
3570,0.136363636,0.454545455,0.409090909
3623,0.136363636,0.681818182,0.181818182
5772,0.136363636,0.636363636,0.227272727
2419,0.136363636,0.630681818,0.232954545
5504,0.136286201,0.659284497,0.204429302
5722,0.136239782,0.51226158,0.351498638
5178,0.136029412,0.694852941,0.169117647
3031,0.136,0.634,0.23
5900,0.136,0.648,0.216
1314,0.135964912,0.600877193,0.263157895
1701,0.135869565,0.617753623,0.246376812
2860,0.135826772,0.598425197,0.265748031
4717,0.135802469,0.691358025,0.172839506
635,0.13559322,0.576271186,0.288135593
3301,0.135483871,0.564516129,0.3
3261,0.135435993,0.580705009,0.283858998
5074,0.135348226,0.601839685,0.262812089
3029,0.135348226,0.667542707,0.197109067
5978,0.135338346,0.636591479,0.228070175
1943,0.135294118,0.622058824,0.242647059
4418,0.135220126,0.525157233,0.339622642
2334,0.135135135,0.630630631,0.234234234
1642,0.135135135,0.648648649,0.216216216
1277,0.135135135,0.621621622,0.243243243
5749,0.135135135,0.525798526,0.339066339
1323,0.135135135,0.648648649,0.216216216
749,0.135076253,0.620915033,0.244008715
5880,0.135026738,0.644385027,0.220588235
4286,0.135,0.555,0.31
3635,0.134969325,0.576687117,0.288343558
6007,0.134969325,0.634969325,0.23006135
2649,0.134883721,0.753488372,0.111627907
5273,0.134868421,0.598684211,0.266447368
566,0.134831461,0.676029963,0.189138577
4279,0.134693878,0.593877551,0.271428571
2301,0.134615385,0.615384615,0.25
1970,0.134615385,0.346153846,0.519230769
476,0.134570766,0.591647332,0.273781903
4771,0.134502924,0.520467836,0.34502924
1356,0.134490239,0.572668113,0.292841649
1125,0.134482759,0.613793103,0.251724138
2544,0.134430727,0.572016461,0.293552812
4816,0.134408602,0.577956989,0.287634409
1977,0.134328358,0.626865672,0.23880597
163,0.134241245,0.548638132,0.317120623
1727,0.134241245,0.655642023,0.210116732
268,0.134099617,0.632183908,0.233716475
5536,0.134069401,0.638801262,0.227129338
552,0.134020619,0.556701031,0.309278351
3364,0.133928571,0.526785714,0.339285714
5448,0.133903134,0.632478632,0.233618234
3885,0.133898305,0.598305085,0.26779661
3650,0.133757962,0.677707006,0.188535032
4577,0.13372093,0.604651163,0.261627907
4224,0.133531157,0.62611276,0.240356083
112,0.133333333,0.7,0.166666667
3289,0.133333333,0.506666667,0.36
2738,0.133333333,0.561904762,0.304761905
1569,0.133333333,0.555555556,0.311111111
1473,0.133333333,0.679166667,0.1875
5001,0.133333333,0.613333333,0.253333333
1920,0.133111481,0.680532446,0.186356073
1611,0.133093525,0.616906475,0.25
5556,0.133093525,0.661870504,0.205035971
5763,0.132939439,0.614475628,0.252584934
3709,0.132930514,0.625377644,0.241691843
1071,0.132867133,0.636363636,0.230769231
3850,0.1328125,0.627604167,0.239583333
5387,0.132694938,0.59370725,0.273597811
1300,0.13253012,0.506024096,0.361445783
1404,0.13253012,0.644578313,0.222891566
62,0.13253012,0.602409639,0.265060241
26,0.1325,0.6125,0.255
5575,0.132352941,0.661764706,0.205882353
3929,0.132352941,0.666666667,0.200980392
2946,0.132321041,0.659436009,0.20824295
2810,0.132169576,0.578553616,0.289276808
5463,0.132142857,0.528571429,0.339285714
1298,0.131921824,0.609120521,0.258957655
5501,0.131907308,0.668449198,0.199643494
5744,0.131818182,0.604545455,0.263636364
1170,0.131782946,0.643410853,0.224806202
2199,0.131782946,0.519379845,0.348837209
4181,0.131782946,0.643410853,0.224806202
1587,0.131768953,0.626353791,0.241877256
1865,0.131736527,0.538922156,0.329341317
3575,0.131578947,0.657894737,0.210526316
2077,0.131578947,0.589181287,0.279239766
4662,0.131428571,0.611428571,0.257142857
1317,0.131414268,0.655819775,0.212765957
4454,0.13125,0.5875,0.28125
5483,0.131221719,0.683257919,0.185520362
2003,0.131147541,0.62295082,0.245901639
970,0.131147541,0.624772313,0.244080146
4704,0.131097561,0.615853659,0.25304878
1207,0.131067961,0.608414239,0.260517799
655,0.131067961,0.560679612,0.308252427
1501,0.13099631,0.551660517,0.317343173
2231,0.130733945,0.55733945,0.311926606
4387,0.130551817,0.585464334,0.283983849
5940,0.130434783,0.782608696,0.086956522
172,0.130434783,0.782608696,0.086956522
4888,0.130434783,0.578595318,0.2909699
770,0.130434783,0.628458498,0.241106719
2744,0.130434783,0.463768116,0.405797101
1896,0.130434783,0.632850242,0.236714976
5391,0.130434783,0.782608696,0.086956522
580,0.130434783,0.52173913,0.347826087
5789,0.130434783,0.586956522,0.282608696
6000,0.130434783,0.616600791,0.252964427
1214,0.130434783,0.391304348,0.47826087
331,0.130136986,0.592465753,0.27739726
509,0.130013831,0.656984786,0.213001383
2203,0.12987013,0.649350649,0.220779221
148,0.129807692,0.623397436,0.246794872
1899,0.12962963,0.644179894,0.226190476
329,0.129581152,0.651832461,0.218586387
2793,0.129277567,0.693282636,0.177439797
1451,0.129161119,0.635153129,0.235685752
2496,0.129158513,0.62035225,0.250489237
411,0.129133858,0.62992126,0.240944882
992,0.129032258,0.580645161,0.290322581
3722,0.129032258,0.677419355,0.193548387
339,0.129032258,0.677419355,0.193548387
3766,0.129032258,0.717741935,0.153225806
1812,0.128939828,0.638968481,0.232091691
2916,0.128755365,0.497854077,0.373390558
5893,0.128378378,0.72972973,0.141891892
1613,0.128301887,0.664150943,0.20754717
4017,0.128205128,0.641025641,0.230769231
4854,0.12804878,0.597560976,0.274390244
1758,0.127906977,0.590697674,0.281395349
4568,0.127868852,0.550819672,0.321311475
800,0.127819549,0.567669173,0.304511278
4579,0.127721335,0.554426705,0.317851959
4928,0.127659574,0.577507599,0.294832827
3856,0.127659574,0.531914894,0.340425532
365,0.127659574,0.638297872,0.234042553
2018,0.127516779,0.55033557,0.322147651
1952,0.12749004,0.609561753,0.262948207
1254,0.127272727,0.581818182,0.290909091
5334,0.127272727,0.236363636,0.636363636
3444,0.127272727,0.636363636,0.236363636
1169,0.127118644,0.644067797,0.228813559
4732,0.127007299,0.611678832,0.261313869
855,0.126984127,0.549206349,0.323809524
302,0.126903553,0.624365482,0.248730964
202,0.126865672,0.646268657,0.226865672
4506,0.126865672,0.630597015,0.242537313
543,0.126676602,0.602086438,0.27123696
5282,0.126666667,0.613333333,0.26
570,0.126582278,0.641350211,0.232067511
934,0.126506024,0.590361446,0.28313253
5220,0.126388889,0.555555556,0.318055556
35,0.126262626,0.611111111,0.262626263
2092,0.126200274,0.613168724,0.260631001
293,0.126182965,0.567823344,0.305993691
1635,0.126103405,0.633039092,0.240857503
4386,0.126002291,0.695303551,0.178694158
4053,0.126,0.638,0.236
4326,0.125984252,0.503937008,0.37007874
2251,0.12590799,0.636803874,0.237288136
528,0.125862069,0.593103448,0.281034483
5151,0.125786164,0.572327044,0.301886792
1140,0.125668449,0.497326203,0.377005348
1496,0.125628141,0.569514238,0.304857621
1340,0.125465839,0.633540373,0.240993789
2737,0.125313283,0.573934837,0.30075188
1908,0.125,0.567307692,0.307692308
3246,0.125,0.564655172,0.310344828
4073,0.125,0.791666667,0.083333333
5059,0.125,0.639705882,0.235294118
5551,0.125,0.53125,0.34375
4957,0.125,0.630376344,0.244623656
5636,0.125,0.622641509,0.252358491
5033,0.125,0.6875,0.1875
2238,0.125,0.647727273,0.227272727
3772,0.125,0.479166667,0.395833333
3779,0.125,0.553571429,0.321428571
4544,0.125,0.4375,0.4375
1576,0.125,0.75,0.125
4997,0.125,0.392857143,0.482142857
3838,0.125,0.5,0.375
67,0.125,0.75,0.125
1065,0.125,0.613636364,0.261363636
5802,0.125,0.525,0.35
3471,0.125,0.654126214,0.220873786
2402,0.124763705,0.648393195,0.2268431
1017,0.124760077,0.408829175,0.466410749
3163,0.124708625,0.667832168,0.207459207
1034,0.12462908,0.590504451,0.284866469
5185,0.12455516,0.526690391,0.348754448
1778,0.124542125,0.565934066,0.30952381
5974,0.124463519,0.600858369,0.274678112
4488,0.124277457,0.589595376,0.286127168
3792,0.124238733,0.599269184,0.276492083
4619,0.124183007,0.640522876,0.235294118
5433,0.124137931,0.608275862,0.267586207
1837,0.124040921,0.618925831,0.257033248
2453,0.124006359,0.615262321,0.26073132
5627,0.12392638,0.640490798,0.235582822
3727,0.123913043,0.623913043,0.252173913
4305,0.123906706,0.575801749,0.300291545
3576,0.123844732,0.622920518,0.25323475
4252,0.123809524,0.695238095,0.180952381
296,0.12371134,0.608247423,0.268041237
2811,0.12345679,0.444444444,0.432098765
2498,0.123376623,0.590909091,0.285714286
3191,0.123152709,0.647783251,0.229064039
1736,0.123076923,0.553846154,0.323076923
1926,0.123076923,0.574358974,0.302564103
1337,0.123076923,0.630769231,0.246153846
461,0.123046875,0.609375,0.267578125
1726,0.123036649,0.623036649,0.253926702
173,0.122994652,0.479500891,0.397504456
1377,0.122840691,0.627639155,0.249520154
53,0.122807018,0.606725146,0.270467836
1749,0.122775801,0.544483986,0.332740214
2753,0.122772277,0.596039604,0.281188119
2012,0.122749591,0.59410802,0.28314239
1781,0.122641509,0.603773585,0.273584906
4212,0.122580645,0.632258065,0.24516129
473,0.12244898,0.612244898,0.265306122
4016,0.122418879,0.59439528,0.283185841
5990,0.122377622,0.653846154,0.223776224
1284,0.122287968,0.573964497,0.303747535
1164,0.122270742,0.515283843,0.362445415
670,0.122222222,0.433333333,0.444444444
3690,0.122194514,0.598503741,0.279301746
3013,0.122055675,0.618843683,0.259100642
319,0.122052705,0.589459085,0.288488211
4896,0.12195122,0.317073171,0.56097561
2632,0.12195122,0.682926829,0.195121951
5268,0.121900826,0.659090909,0.219008264
1434,0.121863799,0.548387097,0.329749104
4284,0.121794872,0.66025641,0.217948718
721,0.121621622,0.615615616,0.262762763
3949,0.121621622,0.675675676,0.202702703
4697,0.121621622,0.5,0.378378378
3478,0.121621622,0.540540541,0.337837838
5888,0.121555916,0.643435981,0.235008104
2109,0.121495327,0.552736983,0.32576769
78,0.121428571,0.635714286,0.242857143
2010,0.121418827,0.593451569,0.285129604
1722,0.121359223,0.40776699,0.470873786
1111,0.121212121,0.515151515,0.363636364
5979,0.121212121,0.636363636,0.242424242
5530,0.121165644,0.569018405,0.309815951
1632,0.12109375,0.6171875,0.26171875
5492,0.121052632,0.55,0.328947368
3491,0.121045392,0.594222834,0.284731774
2878,0.120863309,0.620143885,0.258992806
2211,0.120805369,0.677852349,0.201342282
1935,0.120689655,0.431034483,0.448275862
1068,0.120603015,0.601340034,0.278056951
4981,0.120521173,0.586319218,0.293159609
5524,0.120481928,0.65060241,0.228915663
1383,0.120437956,0.639902676,0.239659367
4055,0.12039312,0.636363636,0.243243243
1194,0.1201849,0.62403698,0.25577812
5069,0.12,0.64,0.24
348,0.12,0.69,0.19
75,0.12,0.48,0.4
1354,0.119883041,0.576023392,0.304093567
4139,0.11965812,0.584045584,0.296296296
3272,0.119617225,0.651913876,0.2284689
5362,0.119565217,0.445652174,0.434782609
1051,0.119489559,0.606728538,0.273781903
660,0.119487909,0.627311522,0.253200569
5614,0.119474313,0.654719235,0.225806452
1052,0.119402985,0.641791045,0.23880597
3584,0.119402985,0.71641791,0.164179104
2130,0.119402985,0.358208955,0.52238806
2026,0.119266055,0.47706422,0.403669725
1631,0.119230769,0.580769231,0.3
245,0.119109948,0.657068063,0.22382199
4084,0.119047619,0.56547619,0.31547619
3015,0.119047619,0.357142857,0.523809524
482,0.118787879,0.659393939,0.221818182
869,0.118764846,0.553444181,0.327790974
5046,0.118663594,0.646313364,0.235023041
710,0.118644068,0.639548023,0.24180791
2635,0.118644068,0.542372881,0.338983051
563,0.11849711,0.578034682,0.303468208
1128,0.118473896,0.608433735,0.273092369
1845,0.118181818,0.618181818,0.263636364
1078,0.118110236,0.57480315,0.307086614
203,0.118110236,0.566929134,0.31496063
3842,0.118086697,0.587443946,0.294469357
2986,0.118055556,0.575,0.306944444
2088,0.117913832,0.562358277,0.319727891
1465,0.117839607,0.623567921,0.258592471
3675,0.11778563,0.634864547,0.247349823
2825,0.117647059,0.533936652,0.34841629
3707,0.117647059,0.666666667,0.215686275
3988,0.117647059,0.573529412,0.308823529
4031,0.117647059,0.588235294,0.294117647
3804,0.117647059,0.465240642,0.417112299
5123,0.117647059,0.68627451,0.196078431
5511,0.117403315,0.636740331,0.245856354
2015,0.117386489,0.579180509,0.303433001
4682,0.117346939,0.591836735,0.290816327
4238,0.117216117,0.610500611,0.272283272
2724,0.117073171,0.653658537,0.229268293
4360,0.116935484,0.528225806,0.35483871
4658,0.116906475,0.580935252,0.302158273
3823,0.116903633,0.60821485,0.274881517
97,0.116883117,0.564935065,0.318181818
5340,0.11682243,0.537383178,0.345794393
4088,0.11662531,0.516129032,0.367245658
5394,0.116607774,0.595995289,0.287396938
910,0.116564417,0.650306748,0.233128834
5755,0.116504854,0.582524272,0.300970874
2507,0.116414435,0.611175786,0.272409779
1173,0.11634349,0.573407202,0.310249307
325,0.11627907,0.697674419,0.186046512
4285,0.11627907,0.612403101,0.271317829
5622,0.11627907,0.73255814,0.151162791
1931,0.11627907,0.639534884,0.244186047
1203,0.116059379,0.645074224,0.238866397
3477,0.115942029,0.550724638,0.333333333
4085,0.115802171,0.610373945,0.273823884
2529,0.115763547,0.633004926,0.251231527
699,0.115727003,0.488130564,0.396142433
1266,0.115702479,0.506887052,0.377410468
3834,0.115658363,0.613879004,0.270462633
2067,0.115577889,0.587939698,0.296482412
195,0.115571776,0.552311436,0.332116788
4312,0.115515289,0.60815402,0.276330691
3367,0.115492958,0.456338028,0.428169014
5605,0.11548913,0.618206522,0.266304348
3084,0.115384615,0.448717949,0.435897436
2577,0.115384615,0.711538462,0.173076923
3821,0.115226337,0.510288066,0.374485597
5153,0.115217391,0.606521739,0.27826087
494,0.115183246,0.623036649,0.261780105
1916,0.115089514,0.549872123,0.335038363
3705,0.11489899,0.616161616,0.268939394
3507,0.114842904,0.596966414,0.288190683
5026,0.114416476,0.643020595,0.242562929
3201,0.114349776,0.598654709,0.286995516
3962,0.114285714,0.614285714,0.271428571
3144,0.114285714,0.771428571,0.114285714
3198,0.114285714,0.59047619,0.295238095
2123,0.114285714,0.542857143,0.342857143
1764,0.114192496,0.577487765,0.308319739
1897,0.114155251,0.537290715,0.348554033
3934,0.113798009,0.574679943,0.311522048
1832,0.113636364,0.5,0.386363636
3171,0.113636364,0.537878788,0.348484848
5961,0.113636364,0.603896104,0.282467532
1026,0.113636364,0.5,0.386363636
2676,0.113537118,0.598253275,0.288209607
3677,0.113475177,0.609929078,0.276595745
5302,0.113445378,0.579831933,0.306722689
3979,0.113402062,0.628865979,0.257731959
3486,0.113402062,0.690721649,0.195876289
759,0.113402062,0.587628866,0.298969072
4354,0.113385827,0.609448819,0.277165354
3589,0.113372093,0.623546512,0.263081395
216,0.113350126,0.585642317,0.301007557
3999,0.113207547,0.617250674,0.269541779
5948,0.113065327,0.565326633,0.32160804
531,0.113033449,0.582468281,0.30449827
3945,0.11299435,0.662900188,0.224105461
3308,0.11299435,0.577683616,0.309322034
3807,0.112970711,0.512552301,0.374476987
4140,0.11292517,0.647619048,0.239455782
4296,0.112903226,0.725806452,0.161290323
1646,0.112903226,0.548387097,0.338709677
3793,0.112781955,0.466165414,0.421052632
3049,0.112676056,0.605633803,0.281690141
3519,0.112612613,0.57957958,0.307807808
5459,0.112359551,0.52247191,0.365168539
3626,0.112280702,0.596491228,0.29122807
5916,0.112215909,0.532670455,0.355113636
390,0.112149533,0.425233645,0.462616822
1741,0.112121212,0.551515152,0.336363636
3610,0.112068966,0.501436782,0.386494253
3026,0.112044818,0.571428571,0.316526611
1096,0.111940299,0.567164179,0.320895522
3985,0.111782477,0.383685801,0.504531722
1835,0.111688312,0.596103896,0.292207792
4343,0.111627907,0.71627907,0.172093023
2743,0.111617312,0.608200456,0.280182232
5878,0.111480865,0.582362729,0.306156406
2181,0.11147541,0.583606557,0.304918033
5728,0.111455108,0.619195046,0.269349845
1447,0.111111111,0.624242424,0.264646465
2343,0.111111111,0.611111111,0.277777778
2665,0.111111111,0.597826087,0.291062802
2441,0.111111111,0.666666667,0.222222222
61,0.111111111,0.583333333,0.305555556
5467,0.111111111,0.703703704,0.185185185
5006,0.111111111,0.511111111,0.377777778
1647,0.111111111,0.595238095,0.293650794
1042,0.111111111,0.666666667,0.222222222
5981,0.110714286,0.614285714,0.275
6025,0.110701107,0.579335793,0.3099631
3689,0.110619469,0.654867257,0.234513274
5378,0.110497238,0.574585635,0.314917127
5256,0.11030303,0.650909091,0.238787879
3197,0.110294118,0.573529412,0.316176471
4425,0.110278373,0.624197002,0.265524625
4404,0.110215054,0.591397849,0.298387097
327,0.110169492,0.504237288,0.38559322
4482,0.109974425,0.613810742,0.276214834
1880,0.109947644,0.656544503,0.233507853
1050,0.109929078,0.627659574,0.262411348
1671,0.109717868,0.539184953,0.351097179
5393,0.10952381,0.571428571,0.319047619
5262,0.109375,0.546875,0.34375
2024,0.109375,0.64453125,0.24609375
1645,0.109195402,0.540229885,0.350574713
1958,0.10915493,0.59741784,0.29342723
893,0.109090909,0.681818182,0.209090909
5068,0.109090909,0.654545455,0.236363636
1962,0.108818011,0.570356473,0.320825516
3401,0.108721625,0.622461171,0.268817204
5410,0.108695652,0.586956522,0.304347826
5422,0.108571429,0.708571429,0.182857143
4605,0.108374384,0.522167488,0.369458128
3882,0.108374384,0.571428571,0.320197044
3390,0.108374384,0.591133005,0.300492611
704,0.108108108,0.648648649,0.243243243
285,0.107913669,0.611510791,0.28057554
3067,0.107748184,0.593220339,0.299031477
1676,0.107514451,0.549132948,0.343352601
4448,0.107495069,0.67357002,0.218934911
4984,0.107317073,0.575609756,0.317073171
2279,0.107142857,0.552380952,0.34047619
4955,0.107142857,0.607142857,0.285714286
367,0.107142857,0.75,0.142857143
5680,0.106918239,0.553459119,0.339622642
6016,0.106710671,0.609460946,0.283828383
550,0.106514995,0.627714581,0.265770424
2237,0.106334842,0.610859729,0.28280543
1667,0.106212425,0.605210421,0.288577154
1675,0.10619469,0.557522124,0.336283186
5333,0.106078665,0.586412396,0.307508939
1205,0.105882353,0.635294118,0.258823529
3543,0.105769231,0.375,0.519230769
1883,0.105747126,0.604597701,0.289655172
1768,0.105633803,0.647887324,0.246478873
4048,0.105624143,0.56515775,0.329218107
2962,0.1056,0.5232,0.3712
2304,0.105383734,0.649484536,0.24513173
2829,0.105263158,0.394736842,0.5
2907,0.104829211,0.598351001,0.296819788
2444,0.104761905,0.59047619,0.304761905
4543,0.104761905,0.619047619,0.276190476
352,0.104597701,0.606896552,0.288505747
1912,0.104540655,0.586061246,0.309398099
2934,0.104501608,0.594855305,0.300643087
3771,0.104477612,0.530916844,0.364605544
3311,0.104347826,0.530434783,0.365217391
5567,0.104218362,0.627791563,0.267990074
678,0.104104104,0.575575576,0.32032032
4445,0.104,0.592,0.304
5658,0.104,0.632,0.264
3745,0.103960396,0.623762376,0.272277228
1573,0.103448276,0.413793103,0.482758621
5895,0.103448276,0.637931034,0.25862069
1711,0.103448276,0.413793103,0.482758621
2357,0.103448276,0.793103448,0.103448276
5577,0.103448276,0.655172414,0.24137931
4572,0.103448276,0.524137931,0.372413793
1001,0.103448276,0.456233422,0.440318302
5100,0.103165299,0.58968347,0.307151231
1425,0.102827763,0.542416452,0.354755784
3328,0.102564103,0.512820513,0.384615385
752,0.102539063,0.572265625,0.325195313
1698,0.102403344,0.55276907,0.344827586
4161,0.102396514,0.498910675,0.39869281
4014,0.102222222,0.48,0.417777778
5643,0.102196753,0.620821394,0.276981853
5526,0.102112676,0.637323944,0.26056338
1147,0.102102102,0.423423423,0.474474474
3754,0.101973684,0.625,0.273026316
2116,0.101956746,0.534500515,0.363542739
1737,0.101935484,0.571612903,0.326451613
5812,0.101903695,0.550951848,0.347144457
3762,0.101694915,0.460048426,0.438256659
5080,0.101449275,0.637681159,0.260869565
1212,0.101449275,0.753623188,0.144927536
1733,0.101311085,0.494636472,0.404052443
4979,0.100907029,0.616780045,0.282312925
2710,0.1,0.666666667,0.233333333
2483,0.1,0.528571429,0.371428571
5221,0.1,0.666666667,0.233333333
210,0.1,0.718181818,0.181818182
3168,0.1,0.7,0.2
1123,0.1,0.766666667,0.133333333
5348,0.1,0.58,0.32
4365,0.1,0.55,0.35
2037,0.1,0.55,0.35
2820,0.099552573,0.559284116,0.341163311
4041,0.099526066,0.562796209,0.337677725
673,0.099255583,0.40942928,0.491315136
1687,0.099236641,0.547073791,0.353689567
4647,0.098544233,0.528555431,0.372900336
45,0.097643098,0.569023569,0.333333333
1010,0.097609562,0.601593625,0.300796813
5356,0.097560976,0.536585366,0.365853659
2006,0.097560976,0.634146341,0.268292683
3824,0.097249509,0.576620825,0.326129666
1175,0.097222222,0.611111111,0.291666667
4207,0.097165992,0.570850202,0.331983806
2124,0.097133758,0.576433121,0.326433121
5509,0.097087379,0.504854369,0.398058252
1019,0.096982759,0.572198276,0.330818966
966,0.096969697,0.448484848,0.454545455
6036,0.096846847,0.576576577,0.326576577
4358,0.096774194,0.483870968,0.419354839
2514,0.096774194,0.741935484,0.161290323
3111,0.096774194,0.540322581,0.362903226
5367,0.096663815,0.623609923,0.279726262
524,0.096456693,0.565944882,0.337598425
1285,0.096153846,0.587412587,0.316433566
4185,0.096153846,0.711538462,0.192307692
4497,0.096,0.522,0.382
1626,0.095940959,0.564575646,0.339483395
187,0.095923261,0.508393285,0.395683453
4054,0.095779221,0.592532468,0.311688312
4408,0.095764273,0.541436464,0.362799263
4021,0.095424837,0.602614379,0.301960784
4083,0.095300261,0.614882507,0.289817232
4819,0.095238095,0.538461538,0.366300366
356,0.095238095,0.619047619,0.285714286
4651,0.095238095,0.19047619,0.714285714
3897,0.095238095,0.761904762,0.142857143
1713,0.095238095,0.619047619,0.285714286
4230,0.095238095,0.428571429,0.476190476
5174,0.095238095,0.523809524,0.380952381
1709,0.095238095,0.576190476,0.328571429
1191,0.095238095,0.523809524,0.380952381
3642,0.095238095,0.476190476,0.428571429
